  0.5218   0.4582  -0.5594  -0.4397  -0.1256   0.1486  -0.0054  -0.0309   1.3823   0.0081   0.0142   0.0219   0.1555   0.0000
  0.5717   0.4511  -0.6081  -0.4633  -0.0683   0.1385  -0.0141  -0.0323   1.3731   0.0109   0.0158   0.0165   0.1687   0.0200
  0.6172   0.4399  -0.6610  -0.4789  -0.0087   0.1380  -0.0232  -0.0325   1.3639   0.0137   0.0172   0.0112   0.1812   0.0400
  0.6573   0.4242  -0.7179  -0.4846   0.0512   0.1462  -0.0326  -0.0315   1.3548   0.0164   0.0184   0.0061   0.1925   0.0600
  0.6916   0.4040  -0.7782  -0.4790   0.1093   0.1618  -0.0421  -0.0294   1.3460   0.0189   0.0195   0.0014   0.2019   0.0800
  0.7196   0.3790  -0.8413  -0.4607   0.1631   0.1831  -0.0515  -0.0263   1.3377   0.0212   0.0204  -0.0028   0.2092   0.1000
  0.7411   0.3492  -0.9061  -0.4288   0.2103   0.2080  -0.0606  -0.0221   1.3298   0.0231   0.0212  -0.0064   0.2137   0.1200
  0.7559   0.3147  -0.9715  -0.3828   0.2485   0.2345  -0.0690  -0.0171   1.3226   0.0246   0.0220  -0.0094   0.2152   0.1400
  0.7644   0.2756  -1.0364  -0.3229   0.2758   0.2605  -0.0764  -0.0116   1.3160   0.0256   0.0229  -0.0119   0.2134   0.1600
  0.7666   0.2323  -1.0995  -0.2497   0.2903   0.2840  -0.0827  -0.0056   1.3100   0.0260   0.0238  -0.0137   0.2080   0.1800
  0.7630   0.1852  -1.1595  -0.1645   0.2909   0.3034  -0.0874   0.0005   1.3044   0.0258   0.0248  -0.0150   0.1992   0.2000
  0.7541   0.1350  -1.2151  -0.0691   0.2768   0.3174  -0.0903   0.0064   1.2992   0.0249   0.0260  -0.0158   0.1868   0.2200
  0.7406   0.0825  -1.2653   0.0340   0.2479   0.3250  -0.0912   0.0119   1.2942   0.0234   0.0274  -0.0162   0.1712   0.2400
  0.7232   0.0288  -1.3091   0.1421   0.2049   0.3260  -0.0900   0.0167   1.2893   0.0213   0.0291  -0.0163   0.1526   0.2600
  0.7028  -0.0252  -1.3456   0.2519   0.1489   0.3205  -0.0865   0.0205   1.2843   0.0185   0.0310  -0.0162   0.1313   0.2800
  0.6802  -0.0782  -1.3744   0.3601   0.0818   0.3092  -0.0807   0.0231   1.2791   0.0152   0.0331  -0.0160   0.1078   0.3000
  0.6563  -0.1288  -1.3951   0.4633   0.0059   0.2932  -0.0727   0.0243   1.2736   0.0114   0.0354  -0.0157   0.0827   0.3200
  0.6322  -0.1759  -1.4076   0.5583  -0.0760   0.2740  -0.0626   0.0239   1.2676   0.0072   0.0379  -0.0155   0.0563   0.3400
  0.6088  -0.2179  -1.4121   0.6419  -0.1606   0.2533  -0.0506   0.0219   1.2612   0.0026   0.0404  -0.0153   0.0292   0.3600
  0.5871  -0.2537  -1.4089   0.7116  -0.2447   0.2330  -0.0368   0.0183   1.2542  -0.0021   0.0428  -0.0151   0.0020   0.3800
  0.5680  -0.2820  -1.3987   0.7653  -0.3247   0.2150  -0.0217   0.0131   1.2467  -0.0070   0.0452  -0.0150  -0.0248   0.4000
  0.5523  -0.3017  -1.3822   0.8014  -0.3973   0.2010  -0.0056   0.0064   1.2388  -0.0118   0.0473  -0.0150  -0.0508   0.4200
  0.5409  -0.3119  -1.3601   0.8194  -0.4595   0.1927   0.0111  -0.0016   1.2306  -0.0166   0.0492  -0.0150  -0.0756   0.4400
  0.5345  -0.3118  -1.3335   0.8190  -0.5085   0.1912   0.0280  -0.0107   1.2222  -0.0211   0.0506  -0.0150  -0.0989   0.4600
  0.5335  -0.3009  -1.3032   0.8009  -0.5422   0.1973   0.0448  -0.0205   1.2138  -0.0254   0.0516  -0.0150  -0.1205   0.4800
  0.5383  -0.2790  -1.2701   0.7665  -0.5589   0.2115   0.0609  -0.0309   1.2056  -0.0293   0.0521  -0.0148  -0.1403   0.5000
  0.5491  -0.2458  -1.2351   0.7175  -0.5577   0.2335   0.0761  -0.0413   1.1977  -0.0328   0.0520  -0.0146  -0.1580   0.5200
  0.5660  -0.2017  -1.1988   0.6565  -0.5384   0.2627   0.0901  -0.0516   1.1903  -0.0358   0.0514  -0.0143  -0.1739   0.5400
  0.5887  -0.1469  -1.1618   0.5859  -0.5013   0.2980   0.1026  -0.0613   1.1837  -0.0384   0.0501  -0.0138  -0.1879   0.5600
  0.6168  -0.0822  -1.1243   0.5085  -0.4477   0.3379   0.1134  -0.0701   1.1779  -0.0404   0.0483  -0.0132  -0.2001   0.5800
  0.6498  -0.0084  -1.0867   0.4273  -0.3792   0.3808   0.1225  -0.0777   1.1730  -0.0420   0.0459  -0.0124  -0.2108   0.6000
  0.6868   0.0735  -1.0489   0.3449  -0.2980   0.4247   0.1296  -0.0839   1.1692  -0.0431   0.0429  -0.0115  -0.2202   0.6200
  0.7269   0.1623  -1.0107   0.2637  -0.2068   0.4675   0.1349  -0.0883   1.1664  -0.0437   0.0395  -0.0105  -0.2284   0.6400
  0.7690   0.2567  -0.9717   0.1856  -0.1082   0.5074   0.1384  -0.0909   1.1647  -0.0440   0.0356  -0.0095  -0.2357   0.6600
  0.8119   0.3554  -0.9316   0.1123  -0.0053   0.5426   0.1402  -0.0915   1.1639  -0.0438   0.0314  -0.0085  -0.2423   0.6800
  0.8542   0.4568  -0.8895   0.0446   0.0989   0.5716   0.1404  -0.0901   1.1639  -0.0432   0.0268  -0.0074  -0.2485   0.7000
  0.8947   0.5595  -0.8450  -0.0168   0.2017   0.5933   0.1392  -0.0865   1.1647  -0.0424   0.0218  -0.0065  -0.2543   0.7200
  0.9321   0.6619  -0.7974  -0.0721   0.3006   0.6069   0.1368  -0.0810   1.1660  -0.0412   0.0165  -0.0056  -0.2599   0.7400
  0.9649   0.7625  -0.7459  -0.1217   0.3932   0.6123   0.1332  -0.0736   1.1677  -0.0396   0.0109  -0.0049  -0.2654   0.7600
  0.9922   0.8600  -0.6899  -0.1664   0.4779   0.6095   0.1287  -0.0644   1.1695  -0.0378   0.0050  -0.0043  -0.2709   0.7800
  1.0126   0.9529  -0.6289  -0.2072   0.5534   0.5993   0.1234  -0.0535   1.1714  -0.0357  -0.0014  -0.0039  -0.2763   0.8000
  1.0254   1.0398  -0.5625  -0.2454   0.6187   0.5825   0.1174  -0.0412   1.1730  -0.0333  -0.0081  -0.0036  -0.2817   0.8200
  1.0297   1.1195  -0.4905  -0.2819   0.6736   0.5604   0.1107  -0.0277   1.1744  -0.0305  -0.0153  -0.0034  -0.2870   0.8400
  1.0249   1.1909  -0.4126  -0.3176   0.7180   0.5344   0.1034  -0.0131   1.1752  -0.0275  -0.0229  -0.0033  -0.2921   0.8600
  1.0107   1.2530  -0.3289  -0.3533   0.7523   0.5060   0.0955   0.0023   1.1755  -0.0241  -0.0311  -0.0033  -0.2969   0.8800
  0.9870   1.3049  -0.2397  -0.3891   0.7772   0.4768   0.0870   0.0183   1.1752  -0.0205  -0.0399  -0.0033  -0.3015   0.9000
  0.9536   1.3459  -0.1453  -0.4247   0.7936   0.4479   0.0779   0.0348   1.1742  -0.0166  -0.0492  -0.0033  -0.3055   0.9200
  0.9109   1.3753  -0.0463  -0.4594   0.8022   0.4206   0.0681   0.0516   1.1725  -0.0124  -0.0590  -0.0032  -0.3091   0.9400
  0.8590   1.3928   0.0568  -0.4922   0.8040   0.3955   0.0577   0.0686   1.1701  -0.0080  -0.0692  -0.0030  -0.3121   0.9600
  0.7986   1.3981   0.1630  -0.5213   0.7997   0.3730   0.0466   0.0855   1.1671  -0.0035  -0.0799  -0.0027  -0.3145   0.9800
  0.7302   1.3913   0.2716  -0.5450   0.7900   0.3530   0.0350   0.1022   1.1635   0.0010  -0.0907  -0.0022  -0.3161   1.0000
  0.6545   1.3726   0.3817  -0.5610   0.7751   0.3353   0.0229   0.1187   1.1594   0.0055  -0.1016  -0.0015  -0.3170   1.0200
  0.5721   1.3424   0.4922  -0.5675   0.7552   0.3189   0.0105   0.1348   1.1548   0.0098  -0.1123  -0.0005  -0.3173   1.0400
  0.4838   1.3013   0.6021  -0.5623   0.7300   0.3027  -0.0021   0.1504   1.1497   0.0138  -0.1227   0.0006  -0.3168   1.0600
  0.3903   1.2503   0.7106  -0.5438   0.6991   0.2854  -0.0146   0.1653   1.1442   0.0174  -0.1324   0.0019  -0.3155   1.0800
  0.2923   1.1903   0.8167  -0.5109   0.6618   0.2655  -0.0267   0.1794   1.1382   0.0206  -0.1412   0.0034  -0.3136   1.1000
  0.1905   1.1229   0.9193  -0.4630   0.6173   0.2417  -0.0383   0.1925   1.1316   0.0230  -0.1488   0.0050  -0.3111   1.1200
  0.0855   1.0494   1.0178  -0.4002   0.5645   0.2125  -0.0489   0.2046   1.1245   0.0248  -0.1550   0.0067  -0.3079   1.1400
 -0.0222   0.9715   1.1113  -0.3237   0.5027   0.1770  -0.0582   0.2153   1.1167   0.0257  -0.1594   0.0084  -0.3041   1.1600
 -0.1318   0.8909   1.1990  -0.2350   0.4311   0.1343  -0.0661   0.2246   1.1081   0.0258  -0.1619   0.0101  -0.2996   1.1800
 -0.2430   0.8094   1.2803  -0.1370   0.3490   0.0843  -0.0721   0.2322   1.0986   0.0250  -0.1622   0.0117  -0.2945   1.2000
 -0.3551   0.7290   1.3546  -0.0328   0.2563   0.0272  -0.0762   0.2380   1.0881   0.0234  -0.1603   0.0132  -0.2887   1.2200
 -0.4676   0.6512   1.4214   0.0736   0.1532  -0.0362  -0.0782   0.2416   1.0764   0.0209  -0.1560   0.0144  -0.2821   1.2400
 -0.5799   0.5778   1.4803   0.1779   0.0401  -0.1045  -0.0779   0.2430   1.0635   0.0178  -0.1493   0.0154  -0.2748   1.2600
 -0.6913   0.5103   1.5308   0.2756  -0.0817  -0.1759  -0.0756   0.2420   1.0493   0.0140  -0.1403   0.0161  -0.2666   1.2800
 -0.8011   0.4500   1.5728   0.3623  -0.2106  -0.2481  -0.0712   0.2385   1.0336   0.0098  -0.1291   0.0164  -0.2575   1.3000
 -0.9085   0.3977   1.6060   0.4338  -0.3446  -0.3183  -0.0651   0.2323   1.0167   0.0054  -0.1159   0.0164  -0.2474   1.3200
 -1.0127   0.3543   1.6302   0.4865  -0.4811  -0.3838  -0.0574   0.2234   0.9984   0.0009  -0.1009   0.0160  -0.2361   1.3400
 -1.1125   0.3200   1.6456   0.5176  -0.6172  -0.4416  -0.0487   0.2119   0.9790  -0.0033  -0.0844   0.0151  -0.2237   1.3600
 -1.2071   0.2948   1.6522   0.5253  -0.7498  -0.4888  -0.0394   0.1978   0.9585  -0.0073  -0.0667   0.0139  -0.2100   1.3800
 -1.2951   0.2783   1.6500   0.5089  -0.8754  -0.5227  -0.0298   0.1811   0.9373  -0.0106  -0.0482   0.0124  -0.1951   1.4000
 -1.3755   0.2697   1.6395   0.4689  -0.9908  -0.5412  -0.0206   0.1622   0.9155  -0.0132  -0.0294   0.0105  -0.1789   1.4200
 -1.4470   0.2681   1.6211   0.4070  -1.0927  -0.5427  -0.0122   0.1412   0.8936  -0.0149  -0.0105   0.0083  -0.1615   1.4400
 -1.5084   0.2721   1.5951   0.3263  -1.1783  -0.5261  -0.0051   0.1184   0.8718  -0.0156   0.0081   0.0060  -0.1429   1.4600
 -1.5585   0.2803   1.5623   0.2309  -1.2449  -0.4912   0.0004   0.0943   0.8504  -0.0153   0.0258   0.0034  -0.1231   1.4800
 -1.5963   0.2910   1.5234   0.1257  -1.2905  -0.4384   0.0040   0.0691   0.8300  -0.0140   0.0425   0.0009  -0.1024   1.5000
 -1.6208   0.3025   1.4790   0.0165  -1.3136  -0.3692   0.0055   0.0433   0.8106  -0.0117   0.0577  -0.0017  -0.0809   1.5200
 -1.6313   0.3134   1.4301  -0.0907  -1.3137  -0.2856   0.0047   0.0174   0.7928  -0.0085   0.0713  -0.0041  -0.0587   1.5400
 -1.6271   0.3220   1.3776  -0.1898  -1.2905  -0.1904   0.0018  -0.0082   0.7767  -0.0047   0.0830  -0.0064  -0.0362   1.5600
 -1.6079   0.3271   1.3225  -0.2749  -1.2450  -0.0870  -0.0030  -0.0332   0.7625  -0.0003   0.0927  -0.0083  -0.0134   1.5800
 -1.5736   0.3278   1.2657  -0.3407  -1.1784   0.0209  -0.0094  -0.0570   0.7504   0.0042   0.1004  -0.0100   0.0094   1.6000
 -1.5243   0.3234   1.2081  -0.3828  -1.0928   0.1292  -0.0171  -0.0793   0.7405   0.0088   0.1059  -0.0111   0.0318   1.6200
 -1.4606   0.3136   1.1506  -0.3982  -0.9910   0.2338  -0.0255  -0.0998   0.7326   0.0131   0.1093  -0.0118   0.0537   1.6400
 -1.3831   0.2986   1.0941  -0.3852  -0.8760   0.3307  -0.0341  -0.1181   0.7267   0.0167   0.1107  -0.0120   0.0748   1.6600
 -1.2929   0.2790   1.0393  -0.3434  -0.7513   0.4161  -0.0422  -0.1342   0.7226   0.0196   0.1103  -0.0115   0.0949   1.6800
 -1.1912   0.2556   0.9869  -0.2744  -0.6204   0.4870  -0.0493  -0.1477   0.7200   0.0215   0.1081  -0.0105   0.1139   1.7000
 -1.0795   0.2298   0.9372  -0.1812  -0.4870   0.5405  -0.0548  -0.1586   0.7187   0.0222   0.1045  -0.0089   0.1314   1.7200
 -0.9595   0.2032   0.8907  -0.0684  -0.3546   0.5750  -0.0582  -0.1669   0.7183   0.0216   0.0995  -0.0068   0.1475   1.7400
 -0.8331   0.1774   0.8476   0.0581  -0.2265   0.5892  -0.0591  -0.1726   0.7183   0.0197   0.0935  -0.0041   0.1621   1.7600
 -0.7021   0.1545   0.8078   0.1915  -0.1055   0.5830  -0.0572  -0.1758   0.7185   0.0165   0.0867  -0.0010   0.1750   1.7800
 -0.5686   0.1363   0.7713   0.3241   0.0059   0.5570  -0.0525  -0.1767   0.7183   0.0122   0.0792   0.0024   0.1863   1.8000
 -0.4347   0.1246   0.7378   0.4481   0.1059   0.5125  -0.0448  -0.1753   0.7175   0.0068   0.0714   0.0062   0.1960   1.8200
 -0.3023   0.1209   0.7069   0.5555   0.1932   0.4518  -0.0346  -0.1719   0.7156   0.0007   0.0633   0.0101   0.2042   1.8400
 -0.1734   0.1267   0.6780   0.6390   0.2672   0.3775  -0.0220  -0.1667   0.7124  -0.0058   0.0551   0.0139   0.2110   1.8600
 -0.0499   0.1427   0.6507   0.6921   0.3278   0.2927  -0.0078  -0.1600   0.7076  -0.0125   0.0470   0.0177   0.2165   1.8800
  0.0666   0.1694   0.6241   0.7097   0.3754   0.2008   0.0076  -0.1519   0.7010  -0.0189   0.0390   0.0212   0.2209   1.9000
  0.1746   0.2068   0.5976   0.6881   0.4110   0.1053   0.0234  -0.1428   0.6925  -0.0247   0.0312   0.0244   0.2243   1.9200
  0.2728   0.2542   0.5704   0.6255   0.4359   0.0095   0.0386  -0.1329   0.6822  -0.0296   0.0237   0.0269   0.2269   1.9400
  0.3602   0.3105   0.5419   0.5220   0.4516  -0.0835   0.0526  -0.1223   0.6699  -0.0331   0.0164   0.0289   0.2290   1.9600
  0.4361   0.3740   0.5113   0.3796   0.4599  -0.1709   0.0643  -0.1113   0.6558  -0.0351   0.0094   0.0301   0.2306   1.9800
  0.4998   0.4426   0.4781   0.2026   0.4625  -0.2506   0.0730  -0.1000   0.6400  -0.0353   0.0026   0.0304   0.2320   2.0000
  0.5512   0.5138   0.4418  -0.0033   0.4611  -0.3211   0.0781  -0.0886   0.6228  -0.0337  -0.0040   0.0299   0.2332   2.0200
  0.5902   0.5846   0.4019  -0.2305   0.4573  -0.3813   0.0789  -0.0772   0.6041  -0.0300  -0.0105   0.0284   0.2346   2.0400
  0.6172   0.6521   0.3581  -0.4704   0.4523  -0.4312   0.0750  -0.0660   0.5844  -0.0245  -0.0169   0.0260   0.2360   2.0600
  0.6326   0.7132   0.3104  -0.7132   0.4470  -0.4710   0.0662  -0.0550   0.5637  -0.0171  -0.0231   0.0227   0.2377   2.0800
  0.6372   0.7648   0.2587  -0.9490   0.4420  -0.5016   0.0526  -0.0444   0.5423  -0.0082  -0.0292   0.0186   0.2396   2.1000
  0.6319   0.8040   0.2031  -1.1675   0.4375  -0.5247   0.0341  -0.0342   0.5204   0.0021  -0.0352   0.0138   0.2418   2.1200
  0.6179   0.8283   0.1440  -1.3593   0.4335  -0.5417   0.0114  -0.0245   0.4980   0.0132  -0.0410   0.0084   0.2444   2.1400
  0.5963   0.8356   0.0816  -1.5154   0.4294  -0.5548  -0.0150  -0.0155   0.4753   0.0249  -0.0464   0.0026   0.2471   2.1600
  0.5686   0.8241   0.0166  -1.6285   0.4245  -0.5660  -0.0443  -0.0072   0.4523   0.0366  -0.0515  -0.0034   0.2501   2.1800
  0.5363   0.7929  -0.0504  -1.6927   0.4180  -0.5770  -0.0757   0.0004   0.4291   0.0480  -0.0561  -0.0094   0.2533   2.2000
  0.5009   0.7417  -0.1188  -1.7040   0.4088  -0.5897  -0.1079   0.0070   0.4056   0.0585  -0.0599  -0.0152   0.2565   2.2200
  0.4639   0.6705  -0.1878  -1.6607   0.3959  -0.6053  -0.1400   0.0127   0.3818   0.0678  -0.0629  -0.0206   0.2598   2.2400
  0.4268   0.5806  -0.2567  -1.5629   0.3783  -0.6246  -0.1708   0.0174   0.3577   0.0755  -0.0649  -0.0254   0.2629   2.2600
  0.3913   0.4733  -0.3246  -1.4132   0.3552  -0.6480  -0.1992   0.0209   0.3331   0.0812  -0.0657  -0.0293   0.2658   2.2800
  0.3586   0.3511  -0.3908  -1.2162   0.3261  -0.6754  -0.2240   0.0232   0.3079   0.0847  -0.0652  -0.0322   0.2685   2.3000
  0.3300   0.2166  -0.4547  -0.9783   0.2908  -0.7059  -0.2444   0.0243   0.2821   0.0859  -0.0633  -0.0340   0.2708   2.3200
  0.3068   0.0731  -0.5155  -0.7074   0.2492  -0.7384  -0.2595   0.0241   0.2557   0.0847  -0.0598  -0.0345   0.2727   2.3400
  0.2898  -0.0760  -0.5729  -0.4130   0.2020  -0.7713  -0.2688   0.0227   0.2286   0.0811  -0.0548  -0.0338   0.2742   2.3600
  0.2798  -0.2269  -0.6263  -0.1051   0.1498  -0.8027  -0.2718   0.0199   0.2008   0.0753  -0.0482  -0.0317   0.2751   2.3800
  0.2774  -0.3757  -0.6754   0.2055   0.0938  -0.8303  -0.2683   0.0160   0.1725   0.0675  -0.0400  -0.0283   0.2754   2.4000
  0.2829  -0.5187  -0.7203   0.5081   0.0356  -0.8520  -0.2584   0.0110   0.1436   0.0579  -0.0306  -0.0238   0.2752   2.4200
  0.2965  -0.6523  -0.7607   0.7925  -0.0233  -0.8658  -0.2423   0.0049   0.1143   0.0470  -0.0199  -0.0182   0.2743   2.4400
  0.3179  -0.7732  -0.7969   1.0490  -0.0811  -0.8695  -0.2204  -0.0020   0.0849   0.0350  -0.0082  -0.0116   0.2728   2.4600
  0.3469  -0.8784  -0.8291   1.2693  -0.1357  -0.8618  -0.1936  -0.0096   0.0555   0.0225   0.0041  -0.0044   0.2706   2.4800
  0.3827  -0.9655  -0.8577   1.4465  -0.1854  -0.8413  -0.1626  -0.0177   0.0264   0.0099   0.0168   0.0032   0.2678   2.5000
  0.4246  -1.0324  -0.8830   1.5754  -0.2284  -0.8075  -0.1283  -0.0261  -0.0021  -0.0024   0.0294   0.0111   0.2642   2.5200
  0.4716  -1.0781  -0.9055   1.6526  -0.2632  -0.7603  -0.0919  -0.0346  -0.0297  -0.0140   0.0417   0.0189   0.2599   2.5400
  0.5225  -1.1016  -0.9257   1.6767  -0.2886  -0.7000  -0.0545  -0.0429  -0.0562  -0.0246   0.0532   0.0264   0.2548   2.5600
  0.5760  -1.1031  -0.9442   1.6483  -0.3037  -0.6278  -0.0172  -0.0509  -0.0813  -0.0337   0.0636   0.0334   0.2489   2.5800
  0.6308  -1.0830  -0.9614   1.5700  -0.3080  -0.5451   0.0188  -0.0582  -0.1048  -0.0412   0.0726   0.0396   0.2421   2.6000
  0.6854  -1.0426  -0.9777   1.4458  -0.3016  -0.4539   0.0526  -0.0648  -0.1264  -0.0469   0.0798   0.0448   0.2343   2.6200
  0.7385  -0.9835  -0.9935   1.2817  -0.2849  -0.3564   0.0832  -0.0705  -0.1461  -0.0506   0.0851   0.0490   0.2254   2.6400
  0.7886  -0.9078  -1.0090   1.0848  -0.2586  -0.2552   0.1097  -0.0752  -0.1637  -0.0524   0.0882   0.0521   0.2154   2.6600
  0.8345  -0.8181  -1.0244   0.8630  -0.2241  -0.1527   0.1317  -0.0787  -0.1791  -0.0523   0.0892   0.0539   0.2042   2.6800
  0.8751  -0.7172  -1.0396   0.6252  -0.1829  -0.0516   0.1486  -0.0810  -0.1924  -0.0504   0.0879   0.0546   0.1917   2.7000
  0.9093  -0.6081  -1.0545   0.3802  -0.1367   0.0456   0.1601  -0.0821  -0.2036  -0.0469   0.0846   0.0541   0.1779   2.7200
  0.9363  -0.4940  -1.0689   0.1372  -0.0874   0.1368   0.1663  -0.0821  -0.2129  -0.0421   0.0792   0.0527   0.1628   2.7400
  0.9555  -0.3779  -1.0825  -0.0955  -0.0371   0.2203   0.1673  -0.0809  -0.2203  -0.0361   0.0722   0.0504   0.1463   2.7600
  0.9665  -0.2628  -1.0948  -0.3099   0.0123   0.2944   0.1633  -0.0787  -0.2262  -0.0294   0.0636   0.0474   0.1285   2.7800
  0.9692  -0.1515  -1.1053  -0.4993   0.0590   0.3582   0.1548  -0.0757  -0.2307  -0.0222   0.0540   0.0439   0.1094   2.8000
  0.9638  -0.0465  -1.1135  -0.6580   0.1015   0.4111   0.1425  -0.0719  -0.2339  -0.0148   0.0436   0.0402   0.0891   2.8200
  0.9504   0.0499  -1.1188  -0.7819   0.1384   0.4531   0.1271  -0.0675  -0.2363  -0.0076   0.0329   0.0364   0.0678   2.8400
  0.9296   0.1359  -1.1206  -0.8682   0.1689   0.4845   0.1093  -0.0628  -0.2380  -0.0008   0.0222   0.0328   0.0456   2.8600
  0.9020   0.2102  -1.1186  -0.9159   0.1924   0.5058   0.0900  -0.0579  -0.2392   0.0054   0.0120   0.0295   0.0227   2.8800
  0.8686   0.2719  -1.1121  -0.9253   0.2089   0.5182   0.0701  -0.0528  -0.2401   0.0106   0.0025   0.0267  -0.0007   2.9000
  0.8301   0.3204  -1.1010  -0.8984   0.2187   0.5227   0.0503  -0.0479  -0.2410   0.0149  -0.0060   0.0245  -0.0242   2.9200
  0.7876   0.3557  -1.0849  -0.8383   0.2226   0.5205   0.0315  -0.0430  -0.2419   0.0180  -0.0132   0.0230  -0.0477   2.9400
  0.7420   0.3783  -1.0637  -0.7493   0.2215   0.5131   0.0142  -0.0385  -0.2430   0.0200  -0.0190   0.0221  -0.0708   2.9600
  0.6944   0.3888  -1.0373  -0.6367   0.2170   0.5016  -0.0009  -0.0342  -0.2444   0.0207  -0.0233   0.0219  -0.0933   2.9800
  0.6455   0.3885  -1.0058  -0.5065   0.2104   0.4872  -0.0135  -0.0302  -0.2461   0.0204  -0.0262   0.0222  -0.1149   3.0000
  0.5962   0.3787  -0.9694  -0.3648   0.2035   0.4707  -0.0231  -0.0264  -0.2482   0.0189  -0.0276   0.0230  -0.1355   3.0200
  0.5471   0.3610  -0.9284  -0.2179   0.1980   0.4529  -0.0296  -0.0228  -0.2506   0.0166  -0.0279   0.0242  -0.1547   3.0400
  0.4986   0.3371  -0.8830  -0.0721   0.1954   0.4341  -0.0330  -0.0193  -0.2534   0.0135  -0.0271   0.0256  -0.1723   3.0600
  0.4511   0.3088  -0.8338   0.0670   0.1970   0.4146  -0.0334  -0.0157  -0.2566   0.0098  -0.0255   0.0269  -0.1884   3.0800
  0.4045   0.2778  -0.7810   0.1942   0.2040   0.3943  -0.0310  -0.0119  -0.2602   0.0056  -0.0235   0.0281  -0.2027   3.1000
  0.3588   0.2459  -0.7251   0.3055   0.2172   0.3729  -0.0261  -0.0077  -0.2641   0.0013  -0.0213   0.0290  -0.2152   3.1200
  0.3138   0.2147  -0.6665   0.3977   0.2370   0.3500  -0.0190  -0.0030  -0.2683  -0.0031  -0.0193   0.0293  -0.2259   3.1400
  0.2688   0.1854  -0.6056   0.4685   0.2631   0.3251  -0.0103   0.0024  -0.2730  -0.0074  -0.0177   0.0291  -0.2349   3.1600
  0.2233   0.1592  -0.5427   0.5169   0.2952   0.2977  -0.0004   0.0087  -0.2780  -0.0114  -0.0168   0.0281  -0.2421   3.1800
  0.1767   0.1371  -0.4781   0.5429   0.3321   0.2671   0.0102   0.0159  -0.2835  -0.0151  -0.0168   0.0264  -0.2478   3.2000
  0.1280   0.1195  -0.4119   0.5474   0.3726   0.2331   0.0210   0.0242  -0.2896  -0.0182  -0.0180   0.0240  -0.2520   3.2200
  0.0765   0.1068  -0.3443   0.5322   0.4149   0.1954   0.0316   0.0335  -0.2962  -0.0209  -0.0202   0.0209  -0.2548   3.2400
  0.0214   0.0990  -0.2754   0.4999   0.4569   0.1540   0.0416   0.0440  -0.3035  -0.0229  -0.0237   0.0171  -0.2564   3.2600
 -0.0382   0.0958  -0.2052   0.4533   0.4964   0.1092   0.0507   0.0554  -0.3116  -0.0244  -0.0284   0.0129  -0.2569   3.2800
 -0.1028   0.0968  -0.1338   0.3957   0.5312   0.0614   0.0586   0.0676  -0.3206  -0.0253  -0.0341   0.0084  -0.2564   3.3000
 -0.1730   0.1013  -0.0611   0.3304   0.5589   0.0115   0.0651   0.0806  -0.3306  -0.0257  -0.0406   0.0037  -0.2551   3.3200
 -0.2491   0.1083   0.0128   0.2607   0.5773  -0.0395   0.0701   0.0942  -0.3416  -0.0256  -0.0478  -0.0010  -0.2530   3.3400
 -0.3313   0.1170   0.0878   0.1894   0.5846  -0.0901   0.0736   0.1079  -0.3536  -0.0251  -0.0554  -0.0054  -0.2500   3.3600
 -0.4196   0.1262   0.1639   0.1192   0.5791  -0.1389   0.0756   0.1217  -0.3667  -0.0242  -0.0631  -0.0093  -0.2464   3.3800
 -0.5137   0.1349   0.2407   0.0519   0.5597  -0.1841   0.0761   0.1351  -0.3809  -0.0231  -0.0706  -0.0127  -0.2419   3.4000
 -0.6131   0.1420   0.3180  -0.0109   0.5258  -0.2240   0.0753   0.1478  -0.3961  -0.0217  -0.0776  -0.0152  -0.2367   3.4200
 -0.7170   0.1464   0.3953  -0.0685   0.4772  -0.2567   0.0733   0.1595  -0.4121  -0.0201  -0.0838  -0.0169  -0.2306   3.4400
 -0.8247   0.1474   0.4721  -0.1204   0.4144  -0.2805   0.0701   0.1699  -0.4289  -0.0183  -0.0890  -0.0177  -0.2236   3.4600
 -0.9350   0.1441   0.5475  -0.1670   0.3383  -0.2939   0.0660   0.1787  -0.4461  -0.0164  -0.0930  -0.0175  -0.2156   3.4800
 -1.0467   0.1358   0.6209  -0.2087   0.2504  -0.2953   0.0611   0.1857  -0.4637  -0.0143  -0.0955  -0.0162  -0.2065   3.5000
 -1.1586   0.1221   0.6912  -0.2463   0.1527  -0.2838   0.0554   0.1906  -0.4813  -0.0121  -0.0965  -0.0141  -0.1962   3.5200
 -1.2693   0.1027   0.7575  -0.2808   0.0474  -0.2585   0.0490   0.1933  -0.4987  -0.0097  -0.0959  -0.0112  -0.1847   3.5400
 -1.3774   0.0773   0.8185  -0.3128  -0.0628  -0.2192   0.0419   0.1936  -0.5154  -0.0071  -0.0937  -0.0075  -0.1718   3.5600
 -1.4816   0.0461   0.8732  -0.3431  -0.1752  -0.1657   0.0343   0.1916  -0.5313  -0.0042  -0.0900  -0.0033  -0.1577   3.5800
 -1.5806   0.0092   0.9203  -0.3719  -0.2869  -0.0986   0.0260   0.1873  -0.5459  -0.0010  -0.0848   0.0013  -0.1423   3.6000
 -1.6732  -0.0331   0.9588  -0.3991  -0.3953  -0.0188   0.0172   0.1806  -0.5589   0.0024  -0.0784   0.0060  -0.1256   3.6200
 -1.7585  -0.0803   0.9877  -0.4242  -0.4978   0.0723   0.0077   0.1719  -0.5701   0.0061  -0.0708   0.0108  -0.1078   3.6400
 -1.8355  -0.1318   1.0060  -0.4461  -0.5923   0.1731  -0.0023   0.1612  -0.5793   0.0100  -0.0622   0.0154  -0.0889   3.6600
 -1.9034  -0.1871   1.0130  -0.4634  -0.6768   0.2816  -0.0129   0.1488  -0.5861   0.0141  -0.0529   0.0196  -0.0690   3.6800
 -1.9618  -0.2453   1.0081  -0.4742  -0.7500   0.3953  -0.0240   0.1350  -0.5904   0.0183  -0.0430   0.0233  -0.0485   3.7000
 -2.0102  -0.3056   0.9912  -0.4765  -0.8110   0.5118  -0.0354   0.1200  -0.5922   0.0225  -0.0328   0.0265  -0.0273   3.7200
 -2.0485  -0.3672   0.9621  -0.4680  -0.8595   0.6284  -0.0470   0.1040  -0.5914   0.0266  -0.0224   0.0290  -0.0058   3.7400
 -2.0765  -0.4292   0.9211  -0.4466  -0.8956   0.7424  -0.0585   0.0875  -0.5880   0.0304  -0.0120   0.0308   0.0158   3.7600
 -2.0943  -0.4907   0.8690  -0.4102  -0.9200   0.8513  -0.0698   0.0706  -0.5821   0.0338  -0.0017   0.0319   0.0374   3.7800
 -2.1021  -0.5506   0.8064  -0.3575  -0.9338   0.9525  -0.0804   0.0535  -0.5739   0.0366   0.0083   0.0323   0.0586   3.8000
 -2.0999  -0.6080   0.7347  -0.2872  -0.9382   1.0438  -0.0901   0.0365  -0.5636   0.0387   0.0179   0.0321   0.0793   3.8200
 -2.0881  -0.6620   0.6553  -0.1992  -0.9350   1.1233  -0.0984   0.0197  -0.5514   0.0398   0.0272   0.0313   0.0993   3.8400
 -2.0670  -0.7115   0.5699  -0.0938  -0.9257   1.1894  -0.1050   0.0031  -0.5376   0.0398   0.0359   0.0300   0.1183   3.8600
 -2.0367  -0.7556   0.4805   0.0276  -0.9122   1.2409  -0.1095  -0.0130  -0.5226   0.0387   0.0442   0.0284   0.1363   3.8800
 -1.9974  -0.7933   0.3891   0.1628  -0.8960   1.2772  -0.1116  -0.0288  -0.5068   0.0363   0.0521   0.0266   0.1530   3.9000
 -1.9493  -0.8237   0.2980   0.3086  -0.8785   1.2980  -0.1110  -0.0441  -0.4905   0.0327   0.0594   0.0246   0.1684   3.9200
 -1.8925  -0.8459   0.2093   0.4614  -0.8608   1.3035  -0.1074  -0.0591  -0.4740   0.0278   0.0662   0.0227   0.1824   3.9400
 -1.8270  -0.8591   0.1251   0.6164  -0.8436   1.2944  -0.1008  -0.0739  -0.4577   0.0217   0.0726   0.0208   0.1949   3.9600
 -1.7528  -0.8626   0.0476   0.7688  -0.8272   1.2718  -0.0910  -0.0884  -0.4419   0.0145   0.0786   0.0191   0.2060   3.9800
 -1.6699  -0.8556  -0.0215   0.9132  -0.8113   1.2372  -0.0781  -0.1027  -0.4269   0.0064   0.0840   0.0176   0.2155   4.0000
 -1.5782  -0.8377  -0.0805   1.0443  -0.7954   1.1922  -0.0624  -0.1169  -0.4130  -0.0023   0.0890   0.0163   0.2236   4.0200
 -1.4777  -0.8084  -0.1282   1.1567  -0.7786   1.1388  -0.0440  -0.1309  -0.4002  -0.0114   0.0935   0.0154   0.2303   4.0400
 -1.3685  -0.7677  -0.1637   1.2455  -0.7594   1.0791  -0.0234  -0.1449  -0.3888  -0.0207   0.0974   0.0147   0.2357   4.0600
 -1.2506  -0.7154  -0.1864   1.3066  -0.7363   1.0153  -0.0010  -0.1586  -0.3789  -0.0298   0.1007   0.0142   0.2399   4.0800
 -1.1243  -0.6517  -0.1964   1.3363  -0.7075   0.9493   0.0225  -0.1721  -0.3704  -0.0384   0.1034   0.0140   0.2430   4.1000
 -0.9899  -0.5771  -0.1940   1.3322  -0.6714   0.8832   0.0465  -0.1852  -0.3633  -0.0462   0.1054   0.0139   0.2451   4.1200
 -0.8480  -0.4922  -0.1801   1.2928  -0.6261   0.8187   0.0703  -0.1977  -0.3577  -0.0529   0.1066   0.0138   0.2465   4.1400
 -0.6994  -0.3979  -0.1558   1.2177  -0.5702   0.7573   0.0933  -0.2093  -0.3533  -0.0583   0.1070   0.0138   0.2471   4.1600
 -0.5450  -0.2955  -0.1227   1.1080  -0.5026   0.7003   0.1147  -0.2198  -0.3502  -0.0621   0.1064   0.0136   0.2472   4.1800
 -0.3860  -0.1863  -0.0829   0.9656  -0.4225   0.6485   0.1337  -0.2290  -0.3481  -0.0641   0.1048   0.0134   0.2469   4.2000
 -0.2239  -0.0721  -0.0384   0.7940  -0.3295   0.6024   0.1499  -0.2365  -0.3469  -0.0643   0.1021   0.0130   0.2464   4.2200
 -0.0602   0.0454   0.0084   0.5974  -0.2240   0.5622   0.1625  -0.2420  -0.3465  -0.0626   0.0984   0.0123   0.2457   4.2400
  0.1032   0.1641   0.0551   0.3810  -0.1068   0.5278   0.1712  -0.2452  -0.3468  -0.0591   0.0936   0.0114   0.2450   4.2600
  0.2643   0.2818   0.0994   0.1507   0.0206   0.4985   0.1756  -0.2459  -0.3476  -0.0537   0.0876   0.0102   0.2444   4.2800
  0.4211   0.3961   0.1391  -0.0871   0.1563   0.4737   0.1755  -0.2439  -0.3489  -0.0467   0.0805   0.0087   0.2438   4.3000
  0.5714   0.5047   0.1720  -0.3255   0.2979   0.4524   0.1707  -0.2390  -0.3507  -0.0383   0.0724   0.0070   0.2433   4.3200
  0.7130   0.6053   0.1965  -0.5579   0.4423   0.4333   0.1613  -0.2311  -0.3528  -0.0287   0.0632   0.0051   0.2429   4.3400
  0.8439   0.6955   0.2111  -0.7775   0.5864   0.4152   0.1475  -0.2202  -0.3554  -0.0182   0.0531   0.0030   0.2425   4.3600
  0.9619   0.7733   0.2148  -0.9781   0.7268   0.3969   0.1295  -0.2064  -0.3584  -0.0071   0.0422   0.0008   0.2421   4.3800
  1.0654   0.8367   0.2071  -1.1538   0.8599   0.3770   0.1079  -0.1897  -0.3620   0.0043   0.0305  -0.0015   0.2416   4.4000
  1.1527   0.8839   0.1879  -1.2998   0.9824   0.3543   0.0831  -0.1705  -0.3662   0.0156   0.0182  -0.0037   0.2409   4.4200
  1.2225   0.9135   0.1577  -1.4118   1.0909   0.3278   0.0558  -0.1490  -0.3711   0.0265   0.0055  -0.0058   0.2398   4.4400
  1.2738   0.9245   0.1172  -1.4869   1.1826   0.2967   0.0266  -0.1256  -0.3769   0.0368  -0.0075  -0.0078   0.2381   4.4600
  1.3061   0.9162   0.0677  -1.5229   1.2548   0.2604  -0.0036  -0.1007  -0.3836   0.0461  -0.0206  -0.0095   0.2357   4.4800
  1.3192   0.8884   0.0107  -1.5191   1.3058   0.2184  -0.0342  -0.0748  -0.3914   0.0542  -0.0337  -0.0109   0.2325   4.5000
  1.3133   0.8412  -0.0519  -1.4758   1.3340   0.1707  -0.0643  -0.0483  -0.4004   0.0610  -0.0465  -0.0120   0.2282   4.5200
  1.2891   0.7753  -0.1180  -1.3944   1.3387   0.1175  -0.0931  -0.0218  -0.4108   0.0664  -0.0589  -0.0126   0.2229   4.5400
  1.2475   0.6918  -0.1855  -1.2775   1.3200   0.0593  -0.1200   0.0042  -0.4225   0.0702  -0.0706  -0.0129   0.2162   4.5600
  1.1901   0.5920  -0.2523  -1.1287   1.2784  -0.0032  -0.1442   0.0292  -0.4357   0.0724  -0.0817  -0.0127   0.2083   4.5800
  1.1185   0.4780  -0.3162  -0.9523   1.2153  -0.0691  -0.1652   0.0528  -0.4503   0.0730  -0.0918  -0.0120   0.1991   4.6000
  1.0348   0.3518  -0.3756  -0.7536   1.1324  -0.1372  -0.1825   0.0745  -0.4664   0.0721  -0.1008  -0.0109   0.1886   4.6200
  0.9411   0.2159  -0.4285  -0.5384   1.0322  -0.2061  -0.1957   0.0940  -0.4840   0.0699  -0.1086  -0.0094   0.1769   4.6400
  0.8400   0.0731  -0.4739  -0.3130   0.9175  -0.2745  -0.2046   0.1110  -0.5028   0.0663  -0.1151  -0.0076   0.1640   4.6600
  0.7338  -0.0740  -0.5106  -0.0837   0.7914  -0.3410  -0.2089   0.1252  -0.5230   0.0617  -0.1202  -0.0054   0.1503   4.6800
  0.6249  -0.2223  -0.5381   0.1430   0.6572  -0.4039  -0.2087   0.1366  -0.5443   0.0561  -0.1238  -0.0029   0.1358   4.7000
  0.5159  -0.3691  -0.5562   0.3606   0.5182  -0.4619  -0.2041   0.1450  -0.5666   0.0498  -0.1259  -0.0002   0.1208   4.7200
  0.4088  -0.5116  -0.5650   0.5633   0.3779  -0.5137  -0.1953   0.1506  -0.5898   0.0429  -0.1264   0.0025   0.1056   4.7400
  0.3057  -0.6473  -0.5651   0.7457   0.2394  -0.5580  -0.1826   0.1534  -0.6137   0.0357  -0.1253   0.0053   0.0905   4.7600
  0.2084  -0.7737  -0.5574   0.9029   0.1058  -0.5940  -0.1666   0.1535  -0.6380   0.0283  -0.1227   0.0081   0.0756   4.7800
  0.1184  -0.8890  -0.5430   1.0311  -0.0204  -0.6207  -0.1477   0.1511  -0.6627   0.0210  -0.1186   0.0107   0.0614   4.8000
  0.0367  -0.9914  -0.5231   1.1275  -0.1370  -0.6378  -0.1265   0.1466  -0.6875   0.0137  -0.1131   0.0131   0.0480   4.8200
 -0.0356  -1.0797  -0.4993   1.1901  -0.2422  -0.6448  -0.1036   0.1401  -0.7122   0.0069  -0.1064   0.0151   0.0357   4.8400
 -0.0982  -1.1529  -0.4730   1.2184  -0.3346  -0.6418  -0.0798   0.1321  -0.7367   0.0004  -0.0985   0.0168   0.0246   4.8600
 -0.1509  -1.2106  -0.4456   1.2128  -0.4134  -0.6291  -0.0557   0.1228  -0.7609  -0.0055  -0.0896   0.0180   0.0148   4.8800
 -0.1939  -1.2528  -0.4185   1.1748  -0.4783  -0.6072  -0.0319   0.1125  -0.7845  -0.0109  -0.0800   0.0188   0.0064   4.9000
 -0.2274  -1.2799  -0.3928   1.1071  -0.5294  -0.5768  -0.0091   0.1016  -0.8075  -0.0155  -0.0698   0.0190  -0.0005   4.9200
 -0.2522  -1.2924  -0.3696   1.0132  -0.5670  -0.5387   0.0122   0.0902  -0.8297  -0.0194  -0.0592   0.0187  -0.0062   4.9400
 -0.2690  -1.2916  -0.3494   0.8977  -0.5919  -0.4942   0.0315   0.0787  -0.8511  -0.0226  -0.0484   0.0179  -0.0106   4.9600
 -0.2787  -1.2786  -0.3328   0.7655  -0.6053  -0.4443   0.0484   0.0673  -0.8716  -0.0250  -0.0378   0.0165  -0.0140   4.9800
 -0.2823  -1.2550  -0.3199   0.6223  -0.6083  -0.3904   0.0626   0.0561  -0.8911  -0.0268  -0.0274   0.0148  -0.0165   5.0000
 -0.2808  -1.2224  -0.3104   0.4738  -0.6023  -0.3336   0.0740   0.0453  -0.9096  -0.0278  -0.0174   0.0127  -0.0184   5.0200
 -0.2752  -1.1825  -0.3041   0.3257  -0.5888  -0.2754   0.0824   0.0350  -0.9272  -0.0282  -0.0081   0.0104  -0.0200   5.0400
 -0.2663  -1.1371  -0.3002   0.1838  -0.5690  -0.2168   0.0880   0.0252  -0.9437  -0.0280   0.0004   0.0080  -0.0215   5.0600
 -0.2550  -1.0878  -0.2979   0.0530  -0.5444  -0.1589   0.0909   0.0160  -0.9593  -0.0274   0.0080   0.0056  -0.0232   5.0800
 -0.2419  -1.0361  -0.2963  -0.0620  -0.5161  -0.1029   0.0913   0.0074  -0.9738  -0.0263   0.0146   0.0033  -0.0253   5.1000
 -0.2277  -0.9837  -0.2944  -0.1577  -0.4852  -0.0494   0.0896  -0.0007  -0.9874  -0.0248   0.0202   0.0014  -0.0281   5.1200
 -0.2127  -0.9316  -0.2911  -0.2313  -0.4527   0.0007   0.0862  -0.0082  -1.0002  -0.0232   0.0247  -0.0000  -0.0316   5.1400
 -0.1972  -0.8808  -0.2854  -0.2812  -0.4193   0.0469   0.0815  -0.0151  -1.0120  -0.0213   0.0283  -0.0008  -0.0361   5.1600
 -0.1814  -0.8322  -0.2763  -0.3069  -0.3854   0.0887   0.0760  -0.0216  -1.0230  -0.0194   0.0310  -0.0009  -0.0416   5.1800
 -0.1654  -0.7863  -0.2632  -0.3090  -0.3514   0.1258   0.0701  -0.0275  -1.0333  -0.0176   0.0329  -0.0002  -0.0480   5.2000
 -0.1492  -0.7434  -0.2454  -0.2892  -0.3177   0.1580   0.0645  -0.0330  -1.0429  -0.0159   0.0341   0.0015  -0.0554   5.2200
 -0.1326  -0.7035  -0.2225  -0.2502  -0.2841   0.1850   0.0593  -0.0380  -1.0518  -0.0143   0.0349   0.0040  -0.0636   5.2400
 -0.1157  -0.6665  -0.1943  -0.1957  -0.2509   0.2067   0.0551  -0.0425  -1.0601  -0.0130   0.0354   0.0075  -0.0725   5.2600
 -0.0982  -0.6322  -0.1609  -0.1300  -0.2177   0.2229   0.0521  -0.0464  -1.0679  -0.0120   0.0357   0.0117  -0.0818   5.2800
 -0.0802  -0.6001  -0.1224  -0.0577  -0.1847   0.2334   0.0505  -0.0498  -1.0753  -0.0112   0.0361   0.0167  -0.0914   5.3000
 -0.0616  -0.5696  -0.0794   0.0162  -0.1515   0.2380   0.0503  -0.0526  -1.0825  -0.0108   0.0368   0.0222  -0.1010   5.3200
 -0.0424  -0.5403  -0.0324   0.0865  -0.1182   0.2364   0.0517  -0.0548  -1.0894  -0.0106   0.0378   0.0281  -0.1103   5.3400
 -0.0228  -0.5114   0.0179   0.1486  -0.0846   0.2281   0.0545  -0.0562  -1.0962  -0.0107   0.0393   0.0340  -0.1192   5.3600
 -0.0028  -0.4825   0.0707   0.1982  -0.0509   0.2127   0.0584  -0.0568  -1.1031  -0.0110   0.0413   0.0397  -0.1274   5.3800
  0.0172  -0.4532   0.1252   0.2316  -0.0170   0.1898   0.0634  -0.0566  -1.1103  -0.0114   0.0439   0.0450  -0.1347   5.4000
  0.0369  -0.4229   0.1805   0.2460   0.0169   0.1588   0.0689  -0.0555  -1.1178  -0.0118   0.0470   0.0494  -0.1409   5.4200
  0.0559  -0.3916   0.2360   0.2397   0.0504   0.1192   0.0746  -0.0535  -1.1260  -0.0123   0.0506   0.0526  -0.1459   5.4400
  0.0740  -0.3591   0.2910   0.2119   0.0834   0.0706   0.0801  -0.0507  -1.1350  -0.0126   0.0546   0.0544  -0.1498   5.4600
  0.0906  -0.3256   0.3448   0.1632   0.1153   0.0126   0.0851  -0.0469  -1.1450  -0.0127   0.0588   0.0546  -0.1524   5.4800
  0.1054  -0.2913   0.3971   0.0949   0.1458  -0.0550   0.0890  -0.0423  -1.1562  -0.0126   0.0630   0.0527  -0.1538   5.5000
  0.1180  -0.2566   0.4475   0.0096   0.1743  -0.1322   0.0915  -0.0369  -1.1689  -0.0122   0.0671   0.0488  -0.1540   5.5200
  0.1281  -0.2222   0.4961  -0.0893   0.2003  -0.2188   0.0923  -0.0309  -1.1833  -0.0114   0.0708   0.0427  -0.1533   5.5400
  0.1356  -0.1888   0.5427  -0.1974   0.2234  -0.3143   0.0912  -0.0242  -1.1996  -0.0103   0.0740   0.0343  -0.1518   5.5600
  0.1401  -0.1573   0.5876  -0.3102   0.2430  -0.4180   0.0881  -0.0172  -1.2179  -0.0087   0.0763   0.0238  -0.1496   5.5800
  0.1418  -0.1285   0.6310  -0.4224   0.2586  -0.5288   0.0828  -0.0098  -1.2386  -0.0068   0.0777   0.0113  -0.1470   5.6000
  0.1407  -0.1036   0.6732  -0.5290   0.2699  -0.6453   0.0754  -0.0022  -1.2616  -0.0047   0.0779  -0.0030  -0.1441   5.6200
  0.1370  -0.0833   0.7146  -0.6249   0.2765  -0.7659   0.0661   0.0053  -1.2871  -0.0022   0.0770  -0.0189  -0.1413   5.6400
  0.1309  -0.0688   0.7556  -0.7056   0.2783  -0.8887   0.0552   0.0126  -1.3151   0.0003   0.0748  -0.0358  -0.1386   5.6600
  0.1230  -0.0608   0.7964  -0.7672   0.2750  -1.0118   0.0429   0.0195  -1.3458   0.0029   0.0714  -0.0534  -0.1362   5.6800
  0.1136  -0.0600   0.8375  -0.8064   0.2667  -1.1328   0.0296   0.0260  -1.3789   0.0054   0.0667  -0.0712  -0.1344   5.7000
  0.1034  -0.0670   0.8790  -0.8211   0.2534  -1.2497   0.0160   0.0318  -1.4146   0.0077   0.0609  -0.0888  -0.1331   5.7200
  0.0929  -0.0822   0.9209  -0.8103   0.2353  -1.3602   0.0024   0.0369  -1.4526   0.0096   0.0542  -0.1054  -0.1325   5.7400
  0.0829  -0.1055   0.9633  -0.7741   0.2129  -1.4622  -0.0107   0.0411  -1.4927   0.0111   0.0467  -0.1208  -0.1326   5.7600
  0.0738  -0.1370   1.0061  -0.7137   0.1864  -1.5538  -0.0227   0.0444  -1.5349   0.0121   0.0387  -0.1344  -0.1333   5.7800
  0.0663  -0.1762   1.0489  -0.6313   0.1565  -1.6335  -0.0331   0.0467  -1.5787   0.0125   0.0304  -0.1459  -0.1346   5.8000
  0.0610  -0.2224   1.0913  -0.5304   0.1237  -1.6999  -0.0416   0.0481  -1.6241   0.0122   0.0221  -0.1548  -0.1363   5.8200
  0.0582  -0.2747   1.1330  -0.4151   0.0888  -1.7523  -0.0479   0.0485  -1.6705   0.0112   0.0141  -0.1609  -0.1385   5.8400
  0.0584  -0.3318   1.1735  -0.2902   0.0526  -1.7901  -0.0516   0.0481  -1.7179   0.0095   0.0065  -0.1641  -0.1408   5.8600
  0.0617  -0.3925   1.2122  -0.1610   0.0157  -1.8134  -0.0526   0.0468  -1.7658   0.0071  -0.0004  -0.1644  -0.1432   5.8800
  0.0684  -0.4551   1.2485  -0.0329  -0.0209  -1.8226  -0.0508   0.0448  -1.8140   0.0042  -0.0064  -0.1617  -0.1453   5.9000
  0.0784  -0.5179   1.2821   0.0887  -0.0565  -1.8188  -0.0465   0.0422  -1.8622   0.0008  -0.0114  -0.1563  -0.1471   5.9200
  0.0916  -0.5792   1.3127   0.1988  -0.0903  -1.8031  -0.0397   0.0392  -1.9102  -0.0030  -0.0154  -0.1484  -0.1483   5.9400
  0.1077  -0.6372   1.3398   0.2927  -0.1215  -1.7774  -0.0307   0.0358  -1.9577  -0.0070  -0.0183  -0.1384  -0.1487   5.9600
  0.1265  -0.6902   1.3635   0.3667  -0.1496  -1.7434  -0.0199   0.0322  -2.0045  -0.0111  -0.0202  -0.1267  -0.1482   5.9800
  0.1475  -0.7366   1.3838   0.4179  -0.1740  -1.7035  -0.0077   0.0286  -2.0506  -0.0151  -0.0211  -0.1136  -0.1466   6.0000
