  0.1069  -0.5179  -0.6630   0.4372  -0.2952   0.2280   0.1335  -0.2240   0.3677  -0.0312   0.1247   0.0117  -0.1703   0.0000
  0.2222  -0.4212  -0.6661   0.3661  -0.2060   0.1714   0.1394  -0.2274   0.3672  -0.0301   0.1181   0.0062  -0.1736   0.0200
  0.3367  -0.3226  -0.6725   0.3041  -0.1161   0.1167   0.1442  -0.2291   0.3658  -0.0288   0.1107   0.0005  -0.1771   0.0400
  0.4496  -0.2225  -0.6810   0.2501  -0.0260   0.0664   0.1480  -0.2289   0.3635  -0.0274   0.1026  -0.0050  -0.1807   0.0600
  0.5604  -0.1212  -0.6908   0.2025   0.0636   0.0227   0.1510  -0.2269   0.3605  -0.0258   0.0942  -0.0103  -0.1841   0.0800
  0.6682  -0.0187  -0.7006   0.1594   0.1522  -0.0122   0.1533  -0.2232   0.3570  -0.0242   0.0856  -0.0150  -0.1871   0.1000
  0.7727   0.0847  -0.7096   0.1189   0.2395  -0.0369   0.1548  -0.2176   0.3532  -0.0227   0.0771  -0.0190  -0.1895   0.1200
  0.8733   0.1891  -0.7170   0.0788   0.3252  -0.0502   0.1557  -0.2104   0.3492  -0.0211   0.0687  -0.0223  -0.1910   0.1400
  0.9693   0.2942  -0.7221   0.0375   0.4089  -0.0519   0.1558  -0.2014   0.3455  -0.0196   0.0607  -0.0246  -0.1916   0.1600
  1.0602   0.3995  -0.7243  -0.0069   0.4904  -0.0418   0.1550  -0.1907   0.3421  -0.0181   0.0530  -0.0260  -0.1910   0.1800
  1.1453   0.5046  -0.7233  -0.0555   0.5692  -0.0208   0.1533  -0.1784   0.3392  -0.0167   0.0457  -0.0266  -0.1891   0.2000
  1.2241   0.6086  -0.7190  -0.1091   0.6450   0.0099   0.1506  -0.1646   0.3371  -0.0152   0.0388  -0.0262  -0.1859   0.2200
  1.2956   0.7107  -0.7113  -0.1680   0.7172   0.0488   0.1466  -0.1492   0.3358  -0.0136   0.0322  -0.0251  -0.1814   0.2400
  1.3591   0.8095  -0.7005  -0.2322   0.7853   0.0936   0.1413  -0.1324   0.3355  -0.0119   0.0257  -0.0233  -0.1755   0.2600
  1.4137   0.9038  -0.6867  -0.3007   0.8486   0.1420   0.1346  -0.1143   0.3361  -0.0101   0.0193  -0.0211  -0.1685   0.2800
  1.4582   0.9921  -0.6706  -0.3726   0.9064   0.1915   0.1263  -0.0950   0.3376  -0.0080   0.0128  -0.0185  -0.1604   0.3000
  1.4918   1.0726  -0.6525  -0.4460   0.9577   0.2395   0.1164  -0.0745   0.3400  -0.0057   0.0059  -0.0159  -0.1515   0.3200
  1.5134   1.1438  -0.6330  -0.5189   1.0018   0.2836   0.1049  -0.0531   0.3432  -0.0031  -0.0014  -0.0134  -0.1418   0.3400
  1.5221   1.2041  -0.6129  -0.5890   1.0378   0.3214   0.0918  -0.0308   0.3469  -0.0001  -0.0093  -0.0111  -0.1316   0.3600
  1.5170   1.2519  -0.5927  -0.6537   1.0648   0.3512   0.0772  -0.0079   0.3511   0.0032  -0.0180  -0.0091  -0.1212   0.3800
  1.4972   1.2861  -0.5729  -0.7104   1.0821   0.3713   0.0612   0.0154   0.3555   0.0069  -0.0275  -0.0077  -0.1108   0.4000
  1.4624   1.3055  -0.5542  -0.7564   1.0889   0.3808   0.0441   0.0389   0.3598   0.0109  -0.0379  -0.0068  -0.1006   0.4200
  1.4120   1.3093  -0.5370  -0.7890   1.0848   0.3792   0.0261   0.0624   0.3639   0.0152  -0.0491  -0.0065  -0.0909   0.4400
  1.3459   1.2973  -0.5215  -0.8061   1.0692   0.3665   0.0075   0.0857   0.3676   0.0198  -0.0610  -0.0067  -0.0818   0.4600
  1.2644   1.2694  -0.5082  -0.8054   1.0420   0.3434  -0.0114   0.1085   0.3706   0.0246  -0.0736  -0.0074  -0.0736   0.4800
  1.1679   1.2261  -0.4970  -0.7856   1.0031   0.3110  -0.0301   0.1305   0.3728   0.0294  -0.0865  -0.0084  -0.0664   0.5000
  1.0571   1.1683  -0.4880  -0.7455   0.9525   0.2709  -0.0482   0.1516   0.3740   0.0343  -0.0994  -0.0096  -0.0603   0.5200
  0.9331   1.0973  -0.4811  -0.6846   0.8906   0.2250  -0.0653   0.1714   0.3742   0.0391  -0.1122  -0.0108  -0.0553   0.5400
  0.7971   1.0146  -0.4762  -0.6033   0.8179   0.1754  -0.0810   0.1898   0.3733   0.0435  -0.1243  -0.0119  -0.0515   0.5600
  0.6507   0.9225  -0.4730  -0.5025   0.7350   0.1245  -0.0948   0.2066   0.3713   0.0476  -0.1355  -0.0127  -0.0490   0.5800
  0.4958   0.8231  -0.4712  -0.3840   0.6429   0.0747  -0.1065   0.2215   0.3683   0.0510  -0.1453  -0.0130  -0.0476   0.6000
  0.3342   0.7189  -0.4706  -0.2502   0.5424   0.0281  -0.1155   0.2343   0.3643   0.0537  -0.1534  -0.0126  -0.0474   0.6200
  0.1680   0.6127  -0.4709  -0.1046   0.4347  -0.0131  -0.1217   0.2450   0.3595   0.0556  -0.1594  -0.0115  -0.0481   0.6400
 -0.0007   0.5072  -0.4717   0.0488   0.3210  -0.0473  -0.1248   0.2533   0.3540   0.0564  -0.1630  -0.0096  -0.0497   0.6600
 -0.1697   0.4049  -0.4729   0.2056   0.2026  -0.0729  -0.1247   0.2593   0.3480   0.0561  -0.1639  -0.0069  -0.0521   0.6800
 -0.3368   0.3085  -0.4744   0.3604   0.0811  -0.0892  -0.1214   0.2628   0.3418   0.0546  -0.1621  -0.0035  -0.0552   0.7000
 -0.5001   0.2201  -0.4759   0.5078  -0.0422  -0.0955  -0.1150   0.2638   0.3354   0.0519  -0.1574   0.0007  -0.0587   0.7200
 -0.6577   0.1418  -0.4776   0.6421  -0.1657  -0.0919  -0.1057   0.2624   0.3293   0.0480  -0.1499   0.0053  -0.0625   0.7400
 -0.8077   0.0751  -0.4794   0.7577  -0.2877  -0.0787  -0.0937   0.2585   0.3234   0.0430  -0.1396   0.0103  -0.0665   0.7600
 -0.9486   0.0212  -0.4814   0.8491  -0.4066  -0.0568  -0.0796   0.2523   0.3180   0.0369  -0.1269   0.0154  -0.0705   0.7800
 -1.0791  -0.0195  -0.4837   0.9116  -0.5208  -0.0274  -0.0638   0.2438   0.3132   0.0300  -0.1120   0.0204  -0.0745   0.8000
 -1.1979  -0.0467  -0.4864   0.9410  -0.6285   0.0080  -0.0470   0.2331   0.3092   0.0224  -0.0953   0.0251  -0.0783   0.8200
 -1.3043  -0.0610  -0.4897   0.9341  -0.7282   0.0479  -0.0299   0.2205   0.3061   0.0143  -0.0774   0.0292  -0.0818   0.8400
 -1.3976  -0.0635  -0.4935   0.8893  -0.8182   0.0905  -0.0132   0.2062   0.3038   0.0061  -0.0587   0.0326  -0.0849   0.8600
 -1.4774  -0.0558  -0.4979   0.8059  -0.8972   0.1338   0.0022   0.1903   0.3025  -0.0019  -0.0398   0.0350  -0.0877   0.8800
 -1.5434  -0.0399  -0.5029   0.6850  -0.9638   0.1762   0.0156   0.1731   0.3020  -0.0095  -0.0212   0.0363  -0.0900   0.9000
 -1.5957  -0.0182  -0.5081   0.5294  -1.0169   0.2161   0.0263   0.1548   0.3024  -0.0163  -0.0036   0.0365  -0.0919   0.9200
 -1.6346   0.0063  -0.5132   0.3434  -1.0558   0.2519   0.0335   0.1357   0.3035  -0.0220   0.0126   0.0355  -0.0933   0.9400
 -1.6604   0.0308  -0.5179   0.1330  -1.0797   0.2826   0.0366   0.1160   0.3053  -0.0265   0.0269   0.0333  -0.0944   0.9600
 -1.6737   0.0519  -0.5215  -0.0945  -1.0886   0.3070   0.0353   0.0961   0.3077  -0.0294   0.0389   0.0300  -0.0950   0.9800
 -1.6752   0.0667  -0.5234  -0.3304  -1.0825   0.3245   0.0293   0.0763   0.3105  -0.0306   0.0484   0.0258  -0.0953   1.0000
 -1.6657   0.0721  -0.5229  -0.5654  -1.0620   0.3346   0.0184   0.0566   0.3136  -0.0301   0.0552   0.0209  -0.0954   1.0200
 -1.6461   0.0654  -0.5191  -0.7893  -1.0281   0.3372   0.0027   0.0375   0.3168  -0.0278   0.0592   0.0154  -0.0952   1.0400
 -1.6172   0.0443  -0.5114  -0.9920  -0.9822   0.3323  -0.0174   0.0191   0.3201  -0.0239   0.0605   0.0096  -0.0948   1.0600
 -1.5799   0.0070  -0.4988  -1.1637  -0.9259   0.3201  -0.0414   0.0015   0.3233  -0.0184   0.0593   0.0037  -0.0944   1.0800
 -1.5353  -0.0477  -0.4809  -1.2953  -0.8613   0.3010  -0.0686  -0.0149   0.3263  -0.0117   0.0559  -0.0019  -0.0939   1.1000
 -1.4841  -0.1204  -0.4569  -1.3791  -0.7907   0.2755  -0.0980  -0.0303   0.3289  -0.0040   0.0506  -0.0072  -0.0934   1.1200
 -1.4272  -0.2108  -0.4265  -1.4091  -0.7168   0.2443  -0.1287  -0.0444   0.3310   0.0043   0.0440  -0.0118  -0.0929   1.1400
 -1.3654  -0.3179  -0.3896  -1.3811  -0.6420   0.2079  -0.1594  -0.0572   0.3326   0.0128   0.0365  -0.0157  -0.0926   1.1600
 -1.2993  -0.4401  -0.3461  -1.2934  -0.5689   0.1672  -0.1890  -0.0688   0.3334   0.0211   0.0288  -0.0187  -0.0923   1.1800
 -1.2295  -0.5747  -0.2963  -1.1469  -0.5001   0.1229  -0.2161  -0.0792   0.3335   0.0286   0.0213  -0.0207  -0.0921   1.2000
 -1.1563  -0.7189  -0.2408  -0.9451  -0.4375   0.0758  -0.2396  -0.0885   0.3327   0.0350   0.0147  -0.0218  -0.0920   1.2200
 -1.0800  -0.8688  -0.1802  -0.6937  -0.3833   0.0266  -0.2584  -0.0968   0.3310   0.0400   0.0093  -0.0219  -0.0920   1.2400
 -1.0009  -1.0204  -0.1156  -0.4012  -0.3385  -0.0237  -0.2714  -0.1042   0.3283   0.0430   0.0056  -0.0212  -0.0919   1.2600
 -0.9190  -1.1694  -0.0482  -0.0778  -0.3043  -0.0743  -0.2778  -0.1109   0.3245   0.0441   0.0039  -0.0198  -0.0919   1.2800
 -0.8342  -1.3111   0.0207   0.2645  -0.2807  -0.1243  -0.2772  -0.1171   0.3196   0.0428   0.0044  -0.0179  -0.0917   1.3000
 -0.7466  -1.4413   0.0895   0.6127  -0.2676  -0.1727  -0.2692  -0.1228   0.3137   0.0393   0.0073  -0.0155  -0.0913   1.3200
 -0.6559  -1.5556   0.1569   0.9531  -0.2638  -0.2186  -0.2538  -0.1282   0.3067   0.0335   0.0124  -0.0130  -0.0907   1.3400
 -0.5621  -1.6502   0.2211   1.2724  -0.2680  -0.2610  -0.2313  -0.1334   0.2987   0.0257   0.0197  -0.0106  -0.0898   1.3600
 -0.4650  -1.7217   0.2807   1.5579  -0.2781  -0.2988  -0.2021  -0.1386   0.2896   0.0160   0.0288  -0.0083  -0.0884   1.3800
 -0.3645  -1.7675   0.3343   1.7984  -0.2917  -0.3312  -0.1672  -0.1437   0.2797   0.0048   0.0394  -0.0064  -0.0866   1.4000
 -0.2607  -1.7857   0.3805   1.9846  -0.3062  -0.3573  -0.1275  -0.1487   0.2690  -0.0074   0.0510  -0.0050  -0.0842   1.4200
 -0.1537  -1.7752   0.4183   2.1096  -0.3188  -0.3763  -0.0843  -0.1536   0.2576  -0.0202   0.0632  -0.0041  -0.0812   1.4400
 -0.0440  -1.7359   0.4467   2.1695  -0.3266  -0.3877  -0.0389  -0.1584   0.2457  -0.0331   0.0753  -0.0039  -0.0777   1.4600
  0.0682  -1.6685   0.4651   2.1632  -0.3271  -0.3910   0.0073  -0.1628   0.2335  -0.0455   0.0868  -0.0042  -0.0735   1.4800
  0.1820  -1.5744   0.4731   2.0927  -0.3181  -0.3861   0.0529  -0.1668   0.2212  -0.0570   0.0971  -0.0052  -0.0688   1.5000
  0.2967  -1.4560   0.4704   1.9630  -0.2977  -0.3731   0.0966  -0.1702   0.2090  -0.0670   0.1058  -0.0066  -0.0635   1.5200
  0.4111  -1.3163   0.4572   1.7820  -0.2648  -0.3525   0.1371  -0.1728   0.1970  -0.0752   0.1125  -0.0085  -0.0578   1.5400
  0.5242  -1.1585   0.4337   1.5597  -0.2188  -0.3249   0.1733  -0.1743   0.1855  -0.0812   0.1167  -0.0105  -0.0516   1.5600
  0.6346  -0.9867   0.4004   1.3079  -0.1599  -0.2914   0.2046  -0.1746   0.1746  -0.0848   0.1183  -0.0126  -0.0452   1.5800
  0.7408  -0.8047   0.3580   1.0395  -0.0890  -0.2532   0.2303  -0.1735   0.1646  -0.0860   0.1171  -0.0146  -0.0386   1.6000
  0.8414  -0.6165   0.3074   0.7678  -0.0078  -0.2117   0.2501  -0.1709   0.1555  -0.0847   0.1132  -0.0163  -0.0320   1.6200
  0.9349  -0.4260   0.2494   0.5059   0.0815  -0.1686   0.2641  -0.1666   0.1476  -0.0810   0.1067  -0.0176  -0.0254   1.6400
  1.0198  -0.2366   0.1852   0.2658   0.1762  -0.1254   0.2725  -0.1605   0.1407  -0.0751   0.0978  -0.0184  -0.0192   1.6600
  1.0948  -0.0514   0.1158   0.0577   0.2733  -0.0839   0.2758  -0.1527   0.1350  -0.0674   0.0868  -0.0184  -0.0133   1.6800
  1.1587   0.1272   0.0424  -0.1103   0.3693  -0.0456   0.2748  -0.1432   0.1305  -0.0582   0.0743  -0.0178  -0.0080   1.7000
  1.2105   0.2974  -0.0339  -0.2330   0.4610  -0.0117   0.2703  -0.1320   0.1272  -0.0479   0.0606  -0.0164  -0.0032   1.7200
  1.2494   0.4580  -0.1117  -0.3079   0.5452   0.0167   0.2633  -0.1193   0.1249  -0.0371   0.0463  -0.0142   0.0008   1.7400
  1.2748   0.6086  -0.1899  -0.3359   0.6193   0.0389   0.2548  -0.1053   0.1235  -0.0261   0.0318  -0.0114   0.0041   1.7600
  1.2866   0.7495  -0.2674  -0.3207   0.6809   0.0547   0.2459  -0.0902   0.1230  -0.0154   0.0178  -0.0080   0.0066   1.7800
  1.2847   0.8813  -0.3428  -0.2689   0.7284   0.0642   0.2373  -0.0742   0.1231  -0.0053   0.0045  -0.0042   0.0083   1.8000
  1.2696   1.0053  -0.4150  -0.1893   0.7611   0.0680   0.2298  -0.0575   0.1238   0.0038  -0.0075  -0.0000   0.0091   1.8200
  1.2418   1.1230  -0.4828  -0.0927   0.7789   0.0670   0.2240  -0.0405   0.1248   0.0117  -0.0181   0.0042   0.0093   1.8400
  1.2021   1.2360  -0.5451   0.0093   0.7825   0.0626   0.2201  -0.0234   0.1262   0.0183  -0.0271   0.0084   0.0088   1.8600
  1.1517   1.3460  -0.6007   0.1044   0.7734   0.0563   0.2183  -0.0063   0.1276   0.0236  -0.0344   0.0123   0.0078   1.8800
  1.0916   1.4544  -0.6486   0.1810   0.7540   0.0499   0.2182   0.0105   0.1291   0.0275  -0.0401   0.0157   0.0064   1.9000
  1.0233   1.5625  -0.6879   0.2284   0.7268   0.0451   0.2196   0.0269   0.1306   0.0304  -0.0443   0.0186   0.0046   1.9200
  0.9479   1.6708  -0.7176   0.2378   0.6951   0.0437   0.2217   0.0429   0.1319   0.0323  -0.0473   0.0207   0.0027   1.9400
  0.8668   1.7794  -0.7371   0.2030   0.6620   0.0470   0.2237   0.0584   0.1332   0.0336  -0.0494   0.0220   0.0007   1.9600
  0.7812   1.8879  -0.7459   0.1204   0.6308   0.0564   0.2248   0.0735   0.1344   0.0346  -0.0511   0.0225  -0.0012   1.9800
  0.6921   1.9950  -0.7435  -0.0104   0.6044   0.0726   0.2239   0.0883   0.1355   0.0356  -0.0526   0.0220  -0.0028   2.0000
  0.6005   2.0989  -0.7300  -0.1867   0.5851   0.0958   0.2201   0.1027   0.1366   0.0370  -0.0546   0.0208  -0.0042   2.0200
  0.5068   2.1972  -0.7055  -0.4025   0.5749   0.1259   0.2125   0.1171   0.1377   0.0391  -0.0573   0.0187  -0.0053   2.0400
  0.4116   2.2870  -0.6704  -0.6492   0.5746   0.1621   0.2004   0.1316   0.1389   0.0420  -0.0612   0.0160  -0.0060   2.0600
  0.3150   2.3649  -0.6255  -0.9161   0.5843   0.2032   0.1831   0.1462   0.1402   0.0460  -0.0664   0.0129  -0.0063   2.0800
  0.2169   2.4275  -0.5720  -1.1905   0.6031   0.2474   0.1603   0.1612   0.1418   0.0511  -0.0732   0.0094  -0.0063   2.1000
  0.1169   2.4712  -0.5110  -1.4588   0.6291   0.2928   0.1321   0.1766   0.1435   0.0573  -0.0815   0.0058  -0.0059   2.1200
  0.0146   2.4927  -0.4441  -1.7073   0.6597   0.3368   0.0986   0.1925   0.1454   0.0645  -0.0913   0.0022  -0.0053   2.1400
 -0.0907   2.4890  -0.3732  -1.9229   0.6913   0.3773   0.0603   0.2089   0.1474   0.0726  -0.1025  -0.0010  -0.0046   2.1600
 -0.1998   2.4575  -0.3002  -2.0937   0.7199   0.4118   0.0180   0.2257   0.1496   0.0811  -0.1146  -0.0039  -0.0038   2.1800
 -0.3134   2.3964  -0.2269  -2.2101   0.7411   0.4381  -0.0274   0.2426   0.1518   0.0898  -0.1273  -0.0061  -0.0031   2.2000
 -0.4323   2.3047  -0.1554  -2.2649   0.7504   0.4544  -0.0745   0.2596   0.1540   0.0983  -0.1400  -0.0076  -0.0026   2.2200
 -0.5570   2.1822  -0.0876  -2.2538   0.7434   0.4594  -0.1223   0.2762   0.1561   0.1062  -0.1521  -0.0082  -0.0024   2.2400
 -0.6880   2.0296  -0.0252  -2.1759   0.7162   0.4522  -0.1693   0.2921   0.1579   0.1130  -0.1632  -0.0080  -0.0026   2.2600
 -0.8254   1.8487   0.0304  -2.0335   0.6654   0.4327  -0.2141   0.3068   0.1594   0.1184  -0.1724  -0.0068  -0.0032   2.2800
 -0.9692   1.6420   0.0779  -1.8320   0.5888   0.4014  -0.2555   0.3198   0.1605   0.1221  -0.1794  -0.0048  -0.0044   2.3000
 -1.1188   1.4129   0.1167  -1.5796   0.4849   0.3595  -0.2923   0.3306   0.1611   0.1237  -0.1835  -0.0021  -0.0060   2.3200
 -1.2733   1.1654   0.1463  -1.2867   0.3537   0.3088  -0.3237   0.3388   0.1612   0.1232  -0.1843   0.0013  -0.0082   2.3400
 -1.4317   0.9040   0.1669  -0.9656   0.1962   0.2515  -0.3488   0.3438   0.1609   0.1204  -0.1816   0.0052  -0.0108   2.3600
 -1.5922   0.6336   0.1789  -0.6293   0.0149   0.1906  -0.3672   0.3452   0.1600   0.1153  -0.1751   0.0093  -0.0137   2.3800
 -1.7529   0.3593   0.1834  -0.2914  -0.1866   0.1289  -0.3788   0.3427   0.1587   0.1081  -0.1649   0.0136  -0.0170   2.4000
 -1.9117   0.0861   0.1817   0.0352  -0.4038   0.0696  -0.3836   0.3359   0.1572   0.0989  -0.1510   0.0178  -0.0204   2.4200
 -2.0661  -0.1812   0.1755   0.3388  -0.6311   0.0158  -0.3821   0.3246   0.1555   0.0881  -0.1337   0.0217  -0.0237   2.4400
 -2.2134  -0.4382   0.1668   0.6092  -0.8623  -0.0296  -0.3747   0.3089   0.1539   0.0759  -0.1136   0.0250  -0.0269   2.4600
 -2.3508  -0.6810   0.1577   0.8387  -1.0909  -0.0642  -0.3623   0.2887   0.1525   0.0629  -0.0909   0.0277  -0.0298   2.4800
 -2.4756  -0.9062   0.1504   1.0222  -1.3102  -0.0861  -0.3458   0.2643   0.1516   0.0494  -0.0665   0.0295  -0.0321   2.5000
 -2.5852  -1.1114   0.1470   1.1572  -1.5137  -0.0938  -0.3262   0.2359   0.1513   0.0358  -0.0410   0.0304  -0.0339   2.5200
 -2.6770  -1.2947   0.1497   1.2440  -1.6956  -0.0870  -0.3045   0.2039   0.1519   0.0225  -0.0151   0.0302  -0.0348   2.5400
 -2.7489  -1.4550   0.1602   1.2856  -1.8505  -0.0657  -0.2816   0.1690   0.1535   0.0100   0.0106   0.0290  -0.0350   2.5600
 -2.7987  -1.5919   0.1799   1.2872  -1.9741  -0.0308  -0.2586   0.1316   0.1562  -0.0016   0.0352   0.0268  -0.0342   2.5800
 -2.8252  -1.7057   0.2100   1.2558  -2.0634   0.0158  -0.2362   0.0924   0.1602  -0.0120   0.0583   0.0236  -0.0324   2.6000
 -2.8272  -1.7970   0.2509   1.1998  -2.1165   0.0721  -0.2149   0.0521   0.1654  -0.0209   0.0793   0.0195  -0.0297   2.6200
 -2.8040  -1.8672   0.3029   1.1284  -2.1326   0.1350  -0.1953   0.0114   0.1719  -0.0285   0.0978   0.0147  -0.0261   2.6400
 -2.7558  -1.9177   0.3654   1.0506  -2.1125   0.2016  -0.1774  -0.0290   0.1796  -0.0346   0.1135   0.0094  -0.0217   2.6600
 -2.6828  -1.9503   0.4377   0.9751  -2.0581   0.2685  -0.1614  -0.0684   0.1884  -0.0394   0.1263   0.0037  -0.0166   2.6800
 -2.5860  -1.9667   0.5182   0.9096  -1.9722   0.3322  -0.1471  -0.1063   0.1981  -0.0430   0.1361  -0.0021  -0.0109   2.7000
 -2.4669  -1.9686   0.6053   0.8601  -1.8588   0.3895  -0.1342  -0.1421   0.2084  -0.0457   0.1432  -0.0079  -0.0049   2.7200
 -2.3272  -1.9575   0.6968   0.8309  -1.7224   0.4376  -0.1222  -0.1753   0.2191  -0.0478   0.1478  -0.0134   0.0015   2.7400
 -2.1692  -1.9349   0.7904   0.8239  -1.5681   0.4740  -0.1107  -0.2056   0.2299  -0.0494   0.1502  -0.0184   0.0078   2.7600
 -1.9952  -1.9019   0.8837   0.8393  -1.4009   0.4969  -0.0991  -0.2328   0.2405  -0.0508   0.1508  -0.0228   0.0141   2.7800
 -1.8081  -1.8593   0.9742   0.8748  -1.2261   0.5052  -0.0870  -0.2566   0.2506  -0.0524   0.1500  -0.0264   0.0200   2.8000
 -1.6104  -1.8077   1.0594   0.9263  -1.0487   0.4985  -0.0738  -0.2770   0.2599  -0.0542   0.1483  -0.0291   0.0255   2.8200
 -1.4052  -1.7474   1.1371   0.9881  -0.8730   0.4772  -0.0593  -0.2939   0.2681  -0.0565   0.1462  -0.0309   0.0304   2.8400
 -1.1951  -1.6787   1.2055   1.0535  -0.7029   0.4426  -0.0432  -0.3075   0.2751  -0.0593   0.1441  -0.0317   0.0346   2.8600
 -0.9828  -1.6016   1.2629   1.1147  -0.5415   0.3963  -0.0254  -0.3180   0.2807  -0.0627   0.1422  -0.0317   0.0381   2.8800
 -0.7707  -1.5163   1.3081   1.1642  -0.3910   0.3408  -0.0061  -0.3254   0.2847  -0.0667   0.1408  -0.0307   0.0407   2.9000
 -0.5611  -1.4228   1.3405   1.1944  -0.2528   0.2789   0.0145  -0.3300   0.2871  -0.0710   0.1401  -0.0290   0.0425   2.9200
 -0.3559  -1.3215   1.3598   1.1989  -0.1274   0.2136   0.0359  -0.3321   0.2879  -0.0756   0.1400  -0.0267   0.0435   2.9400
 -0.1566  -1.2129   1.3662   1.1723  -0.0146   0.1481   0.0576  -0.3318   0.2872  -0.0803   0.1406  -0.0240   0.0438   2.9600
  0.0354  -1.0977   1.3604   1.1112   0.0864   0.0856   0.0789  -0.3295   0.2851  -0.0847   0.1415  -0.0210   0.0433   2.9800
  0.2194  -0.9770   1.3434   1.0139   0.1770   0.0287   0.0990  -0.3252   0.2819  -0.0886   0.1427  -0.0178   0.0423   3.0000
  0.3945  -0.8523   1.3165   0.8809   0.2591  -0.0200   0.1173  -0.3192   0.2777  -0.0917   0.1436  -0.0148   0.0409   3.0200
  0.5606  -0.7252   1.2812   0.7147   0.3344  -0.0589   0.1329  -0.3116   0.2728  -0.0938   0.1439  -0.0120   0.0391   3.0400
  0.7174  -0.5979   1.2392   0.5203   0.4051  -0.0866   0.1453  -0.3024   0.2674  -0.0946   0.1433  -0.0097   0.0371   3.0600
  0.8652  -0.4725   1.1923   0.3040   0.4729  -0.1028   0.1537  -0.2919   0.2618  -0.0940   0.1413  -0.0079   0.0350   3.0800
  1.0039  -0.3514   1.1420   0.0740   0.5394  -0.1079   0.1578  -0.2799   0.2563  -0.0917   0.1375  -0.0068   0.0330   3.1000
  1.1340  -0.2371   1.0899  -0.1603   0.6058  -0.1029   0.1573  -0.2666   0.2509  -0.0876   0.1317  -0.0065   0.0311   3.1200
  1.2555  -0.1319   1.0372  -0.3890   0.6727  -0.0897   0.1521  -0.2519   0.2460  -0.0819   0.1236  -0.0068   0.0295   3.1400
  1.3686  -0.0381   0.9849  -0.6017   0.7403  -0.0705   0.1425  -0.2359   0.2415  -0.0746   0.1132  -0.0080   0.0282   3.1600
  1.4733   0.0426   0.9337  -0.7884   0.8082  -0.0482   0.1288  -0.2185   0.2375  -0.0657   0.1003  -0.0098   0.0274   3.1800
  1.5694   0.1086   0.8838  -0.9398   0.8755  -0.0260   0.1115  -0.1997   0.2340  -0.0556   0.0851  -0.0122   0.0270   3.2000
  1.6565   0.1590   0.8351  -1.0481   0.9407  -0.0071   0.0914  -0.1797   0.2309  -0.0444   0.0678  -0.0150   0.0271   3.2200
  1.7341   0.1934   0.7873  -1.1067   1.0021   0.0053   0.0695  -0.1585   0.2281  -0.0325   0.0488  -0.0182   0.0277   3.2400
  1.8014   0.2121   0.7396  -1.1114   1.0576   0.0085   0.0467  -0.1361   0.2253  -0.0202   0.0286  -0.0216   0.0287   3.2600
  1.8575   0.2161   0.6911  -1.0599   1.1049  -0.0002   0.0241  -0.1128   0.2223  -0.0079   0.0075  -0.0250   0.0301   3.2800
  1.9012   0.2070   0.6407  -0.9524   1.1419  -0.0224   0.0030  -0.0887   0.2188   0.0041  -0.0137  -0.0281   0.0320   3.3000
  1.9315   0.1872   0.5872  -0.7915   1.1664  -0.0593  -0.0156  -0.0640   0.2146   0.0154  -0.0345  -0.0309   0.0342   3.3200
  1.9470   0.1597   0.5295  -0.5822   1.1766  -0.1110  -0.0307  -0.0390   0.2092   0.0256  -0.0543  -0.0332   0.0366   3.3400
  1.9469   0.1279   0.4664  -0.3315   1.1711  -0.1771  -0.0412  -0.0139   0.2026   0.0346  -0.0724  -0.0348   0.0392   3.3600
  1.9300   0.0957   0.3973  -0.0484   1.1490  -0.2559  -0.0464   0.0110   0.1943   0.0421  -0.0884  -0.0356   0.0420   3.3800
  1.8956   0.0672   0.3216   0.2566   1.1099  -0.3452  -0.0458   0.0354   0.1843   0.0479  -0.1017  -0.0356   0.0448   3.4000
  1.8432   0.0466   0.2391   0.5717   1.0542  -0.4419  -0.0389   0.0590   0.1724   0.0520  -0.1122  -0.0347   0.0477   3.4200
  1.7727   0.0381   0.1500   0.8847   0.9828  -0.5423  -0.0257   0.0815   0.1585   0.0543  -0.1194  -0.0328   0.0504   3.4400
  1.6843   0.0456   0.0550   1.1829   0.8974  -0.6425  -0.0063   0.1027   0.1426   0.0549  -0.1234  -0.0301   0.0530   3.4600
  1.5786   0.0725  -0.0447   1.4541   0.8002  -0.7382   0.0189   0.1225   0.1249   0.0541  -0.1242  -0.0266   0.0555   3.4800
  1.4567   0.1218  -0.1475   1.6869   0.6939  -0.8252   0.0492   0.1405   0.1055   0.0519  -0.1220  -0.0224   0.0578   3.5000
  1.3199   0.1957  -0.2517   1.8710   0.5819  -0.8994   0.0838   0.1568   0.0847   0.0486  -0.1172  -0.0176   0.0598   3.5200
  1.1699   0.2956  -0.3549   1.9979   0.4675  -0.9574   0.1215   0.1712   0.0627   0.0446  -0.1102  -0.0124   0.0615   3.5400
  1.0089   0.4220  -0.4546   2.0611   0.3544  -0.9962   0.1611   0.1838   0.0400   0.0401  -0.1016  -0.0070   0.0630   3.5600
  0.8391   0.5743  -0.5483   2.0564   0.2462  -1.0137   0.2012   0.1947   0.0169   0.0356  -0.0919  -0.0016   0.0642   3.5800
  0.6627   0.7511  -0.6333   1.9820   0.1465  -1.0088   0.2406   0.2039  -0.0061   0.0313  -0.0820   0.0037   0.0652   3.6000
  0.4823   0.9499  -0.7071   1.8386   0.0583  -0.9814   0.2776   0.2117  -0.0286   0.0276  -0.0724   0.0087   0.0658   3.6200
  0.3000   1.1672  -0.7674   1.6296  -0.0158  -0.9323   0.3109   0.2182  -0.0503   0.0248  -0.0639   0.0132   0.0662   3.6400
  0.1182   1.3990  -0.8124   1.3607  -0.0736  -0.8636   0.3393   0.2237  -0.0707   0.0232  -0.0570   0.0170   0.0664   3.6600
 -0.0615   1.6403  -0.8403   1.0399  -0.1138  -0.7782   0.3615   0.2285  -0.0896   0.0229  -0.0524   0.0201   0.0663   3.6800
 -0.2372   1.8858  -0.8504   0.6771  -0.1360  -0.6796   0.3766   0.2328  -0.1067   0.0242  -0.0503   0.0222   0.0661   3.7000
 -0.4080   2.1296  -0.8421   0.2837  -0.1405  -0.5724   0.3838   0.2370  -0.1219   0.0269  -0.0512   0.0234   0.0657   3.7200
 -0.5729   2.3658  -0.8157  -0.1276  -0.1284  -0.4611   0.3827   0.2411  -0.1351   0.0312  -0.0551   0.0237   0.0651   3.7400
 -0.7315   2.5885  -0.7720  -0.5435  -0.1017  -0.3508   0.3731   0.2455  -0.1462   0.0370  -0.0621   0.0230   0.0645   3.7600
 -0.8840   2.7920  -0.7125  -0.9506  -0.0631  -0.2464   0.3549   0.2502  -0.1555   0.0441  -0.0720   0.0213   0.0638   3.7800
 -1.0307   2.9710  -0.6391  -1.3358  -0.0159  -0.1525   0.3286   0.2555  -0.1630   0.0523  -0.0845   0.0189   0.0630   3.8000
 -1.1722   3.1208  -0.5546  -1.6867   0.0359  -0.0730   0.2948   0.2612  -0.1691   0.0613  -0.0992   0.0157   0.0623   3.8200
 -1.3095   3.2375  -0.4617  -1.9924   0.0882  -0.0114   0.2542   0.2674  -0.1740   0.0709  -0.1155   0.0120   0.0616   3.8400
 -1.4435   3.3180  -0.3639  -2.2437   0.1368   0.0301   0.2080   0.2739  -0.1781   0.0807  -0.1327   0.0079   0.0609   3.8600
 -1.5755   3.3600  -0.2645  -2.4334   0.1773   0.0500   0.1573   0.2806  -0.1817   0.0902  -0.1502   0.0036   0.0604   3.8800
 -1.7062   3.3626  -0.1670  -2.5565   0.2058   0.0483   0.1036   0.2871  -0.1852   0.0993  -0.1671  -0.0007   0.0600   3.9000
 -1.8367   3.3255  -0.0748  -2.6108   0.2187   0.0258   0.0483   0.2933  -0.1889   0.1075  -0.1827  -0.0049   0.0597   3.9200
 -1.9675   3.2496   0.0088  -2.5965   0.2131  -0.0155  -0.0073   0.2987  -0.1930   0.1145  -0.1964  -0.0088   0.0596   3.9400
 -2.0987   3.1368   0.0810  -2.5161   0.1867  -0.0725  -0.0617   0.3029  -0.1979   0.1201  -0.2074  -0.0121   0.0596   3.9600
 -2.2304   2.9896   0.1393  -2.3748   0.1382  -0.1414  -0.1137   0.3057  -0.2038   0.1239  -0.2152  -0.0148   0.0599   3.9800
 -2.3620   2.8115   0.1819  -2.1798   0.0674  -0.2176  -0.1620   0.3064  -0.2105   0.1260  -0.2193  -0.0168   0.0603   4.0000
 -2.4925   2.6065   0.2074  -1.9401  -0.0252  -0.2964  -0.2056   0.3050  -0.2183   0.1260  -0.2194  -0.0179   0.0610   4.0200
 -2.6205   2.3790   0.2152  -1.6659  -0.1379  -0.3726  -0.2439   0.3009  -0.2270   0.1241  -0.2153  -0.0182   0.0617   4.0400
 -2.7444   2.1337   0.2051  -1.3684  -0.2681  -0.4413  -0.2762   0.2939  -0.2363   0.1203  -0.2071  -0.0176   0.0627   4.0600
 -2.8622   1.8755   0.1779  -1.0594  -0.4125  -0.4979  -0.3022   0.2839  -0.2461   0.1146  -0.1948  -0.0162   0.0637   4.0800
 -2.9717   1.6091   0.1346  -0.7502  -0.5670  -0.5385  -0.3220   0.2707  -0.2561   0.1073  -0.1787  -0.0140   0.0648   4.1000
 -3.0704   1.3390   0.0770  -0.4517  -0.7269  -0.5599  -0.3356   0.2543  -0.2659   0.0986  -0.1592  -0.0112   0.0659   4.1200
 -3.1562   1.0696   0.0073  -0.1736  -0.8873  -0.5599  -0.3434   0.2349  -0.2751   0.0887  -0.1369  -0.0079   0.0669   4.1400
 -3.2268   0.8044  -0.0720   0.0757  -1.0432  -0.5375  -0.3461   0.2125  -0.2833   0.0779  -0.1121  -0.0042   0.0679   4.1600
 -3.2801   0.5468  -0.1580   0.2899  -1.1896  -0.4926  -0.3444   0.1874  -0.2902   0.0667  -0.0857  -0.0003   0.0688   4.1800
 -3.3146   0.2992  -0.2476   0.4647  -1.3219  -0.4265  -0.3392   0.1600  -0.2954   0.0551  -0.0583   0.0036   0.0695   4.2000
 -3.3288   0.0638  -0.3378   0.5978  -1.4360  -0.3415  -0.3312   0.1307  -0.2986   0.0437  -0.0305   0.0074   0.0699   4.2200
 -3.3219  -0.1581  -0.4255   0.6893  -1.5285  -0.2407  -0.3214   0.0999  -0.2996   0.0327  -0.0030   0.0108   0.0701   4.2400
 -3.2937  -0.3659  -0.5077   0.7412  -1.5969  -0.1283  -0.3107   0.0682  -0.2982   0.0222   0.0237   0.0138   0.0700   4.2600
 -3.2442  -0.5592  -0.5818   0.7576  -1.6395  -0.0088  -0.2998   0.0360  -0.2945   0.0126   0.0490   0.0162   0.0696   4.2800
 -3.1743  -0.7384  -0.6451   0.7440  -1.6557   0.1129  -0.2894   0.0039  -0.2884   0.0040   0.0724   0.0179   0.0689   4.3000
 -3.0851  -0.9040  -0.6957   0.7070  -1.6458   0.2316  -0.2801  -0.0276  -0.2801  -0.0035   0.0937   0.0188   0.0679   4.3200
 -2.9783  -1.0571  -0.7315   0.6541  -1.6110   0.3425  -0.2720  -0.0581  -0.2698  -0.0099   0.1126   0.0190   0.0666   4.3400
 -2.8559  -1.1986  -0.7514   0.5930  -1.5536   0.4410  -0.2656  -0.0872  -0.2578  -0.0152   0.1289   0.0184   0.0651   4.3600
 -2.7202  -1.3297  -0.7542   0.5310  -1.4764   0.5234  -0.2606  -0.1144  -0.2445  -0.0195   0.1426   0.0171   0.0635   4.3800
 -2.5737  -1.4515  -0.7395   0.4750  -1.3829   0.5866  -0.2570  -0.1396  -0.2303  -0.0230   0.1538   0.0152   0.0617   4.4000
 -2.4190  -1.5650  -0.7070   0.4307  -1.2767   0.6284  -0.2545  -0.1625  -0.2157  -0.0256   0.1625   0.0128   0.0598   4.4200
 -2.2585  -1.6709  -0.6569   0.4022  -1.1619   0.6477  -0.2527  -0.1831  -0.2011  -0.0278   0.1691   0.0099   0.0580   4.4400
 -2.0946  -1.7700  -0.5899   0.3921  -1.0423   0.6447  -0.2510  -0.2013  -0.1871  -0.0296   0.1736   0.0069   0.0563   4.4600
 -1.9294  -1.8624  -0.5068   0.4014  -0.9219   0.6201  -0.2491  -0.2171  -0.1739  -0.0313   0.1763   0.0037   0.0547   4.4800
 -1.7648  -1.9483  -0.4089   0.4289  -0.8037   0.5761  -0.2463  -0.2307  -0.1621  -0.0331   0.1775   0.0007   0.0534   4.5000
 -1.6021  -2.0275  -0.2977   0.4720  -0.6907   0.5155  -0.2423  -0.2421  -0.1520  -0.0351   0.1774  -0.0020   0.0523   4.5200
 -1.4424  -2.0997  -0.1750   0.5264  -0.5850   0.4416  -0.2367  -0.2516  -0.1437  -0.0376   0.1763  -0.0044   0.0516   4.5400
 -1.2863  -2.1646  -0.0430   0.5866  -0.4880   0.3585  -0.2292  -0.2594  -0.1376  -0.0405   0.1744  -0.0062   0.0512   4.5600
 -1.1339  -2.2216   0.0963   0.6464  -0.4004   0.2704  -0.2198  -0.2656  -0.1337  -0.0441   0.1718  -0.0073   0.0511   4.5800
 -0.9850  -2.2702   0.2403   0.6991  -0.3221   0.1814  -0.2085  -0.2704  -0.1319  -0.0482   0.1687  -0.0077   0.0514   4.6000
 -0.8391  -2.3102   0.3864   0.7382  -0.2526   0.0956  -0.1956  -0.2741  -0.1324  -0.0529   0.1651  -0.0074   0.0520   4.6200
 -0.6953  -2.3415   0.5321   0.7574  -0.1905   0.0166  -0.1814  -0.2767  -0.1348  -0.0581   0.1611  -0.0062   0.0528   4.6400
 -0.5528  -2.3640   0.6745   0.7518  -0.1345  -0.0524  -0.1663  -0.2784  -0.1391  -0.0637   0.1566  -0.0043   0.0538   4.6600
 -0.4104  -2.3782   0.8109   0.7176  -0.0824  -0.1093  -0.1511  -0.2793  -0.1450  -0.0694   0.1517  -0.0018   0.0550   4.6800
 -0.2673  -2.3848   0.9385   0.6526  -0.0325  -0.1523  -0.1365  -0.2792  -0.1522  -0.0752   0.1464   0.0014   0.0562   4.7000
 -0.1224  -2.3849   1.0548   0.5565   0.0171  -0.1807  -0.1230  -0.2784  -0.1604  -0.0809   0.1406   0.0049   0.0574   4.7200
  0.0248  -2.3799   1.1572   0.4310   0.0680  -0.1948  -0.1115  -0.2766  -0.1693  -0.0862   0.1342   0.0088   0.0584   4.7400
  0.1747  -2.3713   1.2434   0.2797   0.1216  -0.1954  -0.1026  -0.2739  -0.1787  -0.0910   0.1274   0.0128   0.0593   4.7600
  0.3273  -2.3611   1.3118   0.1080   0.1785  -0.1841  -0.0969  -0.2701  -0.1883  -0.0951   0.1200   0.0168   0.0600   4.7800
  0.4824  -2.3512   1.3606  -0.0774   0.2389  -0.1632  -0.0949  -0.2652  -0.1979  -0.0984   0.1122   0.0205   0.0605   4.8000
  0.6392  -2.3437   1.3889  -0.2683   0.3026  -0.1354  -0.0967  -0.2591  -0.2072  -0.1008   0.1039   0.0238   0.0607   4.8200
  0.7966  -2.3407   1.3962  -0.4559   0.3686  -0.1036  -0.1025  -0.2518  -0.2162  -0.1022   0.0954   0.0266   0.0606   4.8400
  0.9532  -2.3439   1.3826  -0.6312   0.4355  -0.0709  -0.1121  -0.2432  -0.2248  -0.1027   0.0868   0.0287   0.0603   4.8600
  1.1072  -2.3549   1.3488  -0.7851   0.5013  -0.0402  -0.1254  -0.2334  -0.2329  -0.1022   0.0782   0.0300   0.0598   4.8800
  1.2568  -2.3750   1.2962  -0.9095   0.5640  -0.0142  -0.1417  -0.2225  -0.2406  -0.1009   0.0697   0.0304   0.0592   4.9000
  1.4000  -2.4050   1.2266  -0.9972   0.6211   0.0048  -0.1603  -0.2105  -0.2480  -0.0988   0.0617   0.0299   0.0585   4.9200
  1.5349  -2.4453   1.1427  -1.0425   0.6703   0.0149  -0.1806  -0.1976  -0.2551  -0.0961   0.0543   0.0284   0.0578   4.9400
  1.6594  -2.4955   1.0476  -1.0418   0.7093   0.0148  -0.2014  -0.1841  -0.2620  -0.0930   0.0476   0.0261   0.0572   4.9600
  1.7720  -2.5550   0.9447  -0.9931   0.7361   0.0041  -0.2219  -0.1701  -0.2690  -0.0897   0.0418   0.0229   0.0569   4.9800
  1.8713  -2.6225   0.8378  -0.8970   0.7492  -0.0173  -0.2410  -0.1560  -0.2762  -0.0863   0.0371   0.0190   0.0568   5.0000
  1.9564  -2.6962   0.7310  -0.7556   0.7476  -0.0487  -0.2577  -0.1419  -0.2838  -0.0830   0.0335   0.0144   0.0570   5.0200
  2.0267  -2.7739   0.6281  -0.5736   0.7307  -0.0891  -0.2711  -0.1282  -0.2920  -0.0799   0.0311   0.0094   0.0575   5.0400
  2.0822  -2.8531   0.5331  -0.3568   0.6989  -0.1369  -0.2803  -0.1151  -0.3008  -0.0772   0.0298   0.0041   0.0584   5.0600
  2.1234  -2.9309   0.4495  -0.1129   0.6528  -0.1901  -0.2847  -0.1028  -0.3104  -0.0749   0.0296  -0.0013   0.0596   5.0800
  2.1512  -3.0043   0.3801   0.1499   0.5940  -0.2466  -0.2837  -0.0916  -0.3210  -0.0731   0.0305  -0.0066   0.0611   5.1000
  2.1670  -3.0703   0.3274   0.4225   0.5242  -0.3044  -0.2771  -0.0816  -0.3325  -0.0718   0.0322  -0.0116   0.0628   5.1200
  2.1726  -3.1257   0.2930   0.6960   0.4458  -0.3613  -0.2647  -0.0729  -0.3452  -0.0711   0.0346  -0.0162   0.0647   5.1400
  2.1700  -3.1676   0.2774   0.9617   0.3613  -0.4156  -0.2465  -0.0656  -0.3589  -0.0707   0.0375  -0.0202   0.0665   5.1600
  2.1616  -3.1935   0.2805   1.2117   0.2735  -0.4657  -0.2228  -0.0597  -0.3737  -0.0707   0.0407  -0.0235   0.0681   5.1800
  2.1496  -3.2008   0.3011   1.4394   0.1850  -0.5105  -0.1940  -0.0551  -0.3895  -0.0709   0.0440  -0.0259   0.0695   5.2000
  2.1364  -3.1875   0.3370   1.6395   0.0984  -0.5493  -0.1606  -0.0517  -0.4063  -0.0712   0.0471  -0.0275   0.0705   5.2200
  2.1240  -3.1520   0.3852   1.8081   0.0158  -0.5819  -0.1233  -0.0494  -0.4241  -0.0715   0.0500  -0.0280   0.0709   5.2400
  2.1144  -3.0930   0.4421   1.9432  -0.0609  -0.6084  -0.0827  -0.0482  -0.4427  -0.0717   0.0524  -0.0277   0.0708   5.2600
  2.1091  -3.0096   0.5033   2.0442  -0.1304  -0.6294  -0.0396  -0.0477  -0.4620  -0.0716   0.0542  -0.0264   0.0700   5.2800
  2.1091  -2.9014   0.5642   2.1119  -0.1917  -0.6457   0.0054  -0.0479  -0.4820  -0.0711   0.0554  -0.0242   0.0685   5.3000
  2.1150  -2.7681   0.6201   2.1482  -0.2444  -0.6585   0.0514  -0.0485  -0.5025  -0.0703   0.0560  -0.0214   0.0663   5.3200
  2.1269  -2.6101   0.6661   2.1562  -0.2886  -0.6688   0.0978  -0.0494  -0.5234  -0.0691   0.0559  -0.0178   0.0635   5.3400
  2.1443  -2.4278   0.6979   2.1391  -0.3246  -0.6777   0.1441  -0.0506  -0.5446  -0.0674   0.0553  -0.0138   0.0603   5.3600
  2.1662  -2.2219   0.7116   2.1005  -0.3532  -0.6862   0.1897  -0.0518  -0.5659  -0.0654   0.0542  -0.0095   0.0568   5.3800
  2.1914  -1.9934   0.7042   2.0438  -0.3750  -0.6947   0.2343  -0.0531  -0.5872  -0.0630   0.0527  -0.0049   0.0532   5.4000
  2.2182  -1.7435   0.6734   1.9719  -0.3910  -0.7036   0.2773  -0.0543  -0.6085  -0.0603   0.0509  -0.0003   0.0496   5.4200
  2.2446  -1.4736   0.6182   1.8867  -0.4016  -0.7126   0.3185  -0.0555  -0.6295  -0.0574   0.0490   0.0041   0.0464   5.4400
  2.2687  -1.1851   0.5386   1.7894  -0.4074  -0.7209   0.3577  -0.0565  -0.6500  -0.0544   0.0470   0.0083   0.0437   5.4600
  2.2883  -0.8799   0.4358   1.6801  -0.4084  -0.7275   0.3946  -0.0575  -0.6700  -0.0514   0.0450   0.0122   0.0418   5.4800
  2.3016  -0.5599   0.3121   1.5578  -0.4042  -0.7304   0.4289  -0.0584  -0.6893  -0.0483   0.0431   0.0156   0.0408   5.5000
  2.3069  -0.2273   0.1710   1.4209  -0.3939  -0.7279   0.4603  -0.0590  -0.7076  -0.0453   0.0413   0.0185   0.0409   5.5200
  2.3030   0.1151   0.0166   1.2667  -0.3765  -0.7174   0.4885  -0.0594  -0.7249  -0.0423   0.0394   0.0208   0.0421   5.5400
  2.2888   0.4647  -0.1459   1.0924  -0.3503  -0.6967   0.5132  -0.0594  -0.7408  -0.0394   0.0374   0.0225   0.0445   5.5600
  2.2640   0.8181  -0.3112   0.8952  -0.3136  -0.6632   0.5339  -0.0589  -0.7553  -0.0363   0.0350   0.0237   0.0479   5.5800
  2.2286   1.1716  -0.4735   0.6726  -0.2644  -0.6147   0.5501  -0.0575  -0.7680  -0.0331   0.0322   0.0244   0.0522   5.6000
  2.1832   1.5214  -0.6271   0.4228  -0.2012  -0.5494   0.5612  -0.0552  -0.7789  -0.0295   0.0286   0.0246   0.0572   5.6200
  2.1286   1.8630  -0.7666   0.1453  -0.1224  -0.4660   0.5669  -0.0515  -0.7877  -0.0255   0.0240   0.0244   0.0626   5.6400
  2.0664   2.1918  -0.8870  -0.1592  -0.0271  -0.3636   0.5664  -0.0460  -0.7942  -0.0209   0.0181   0.0239   0.0680   5.6600
  1.9979   2.5030  -0.9840  -0.4880   0.0850  -0.2423   0.5592  -0.0386  -0.7983  -0.0155   0.0108   0.0232   0.0732   5.6800
  1.9251   2.7916  -1.0545  -0.8369   0.2131  -0.1030   0.5450  -0.0287  -0.7999  -0.0091   0.0017   0.0224   0.0776   5.7000
  1.8496   3.0527  -1.0960  -1.1995   0.3556   0.0527   0.5233  -0.0161  -0.7988  -0.0017  -0.0093   0.0215   0.0810   5.7200
  1.7731   3.2816  -1.1072  -1.5680   0.5098   0.2222   0.4940  -0.0005  -0.7951   0.0069  -0.0222   0.0208   0.0830   5.7400
  1.6969   3.4738  -1.0878  -1.9328   0.6721   0.4023   0.4572   0.0184  -0.7887   0.0166  -0.0370   0.0201   0.0834   5.7600
  1.6222   3.6254  -1.0387  -2.2831   0.8375   0.5892   0.4128   0.0407  -0.7796   0.0275  -0.0537   0.0196   0.0819   5.7800
  1.5494   3.7333  -0.9616  -2.6075   1.0006   0.7785   0.3615   0.0663  -0.7678   0.0394  -0.0720   0.0194   0.0785   5.8000
  1.4785   3.7951  -0.8589  -2.8941   1.1549   0.9655   0.3040   0.0952  -0.7536   0.0521  -0.0916   0.0195   0.0731   5.8200
  1.4089   3.8093  -0.7336  -3.1314   1.2940   1.1454   0.2410   0.1272  -0.7370   0.0654  -0.1122   0.0198   0.0661   5.8400
  1.3394   3.7757  -0.5894  -3.3088   1.4110   1.3135   0.1739   0.1617  -0.7182   0.0791  -0.1332   0.0204   0.0576   5.8600
  1.2683   3.6950  -0.4298  -3.4170   1.4995   1.4655   0.1039   0.1984  -0.6973   0.0927  -0.1541   0.0212   0.0480   5.8800
  1.1934   3.5693  -0.2586  -3.4487   1.5538   1.5973   0.0326   0.2364  -0.6748   0.1058  -0.1744   0.0222   0.0378   5.9000
  1.1121   3.4017  -0.0794  -3.3990   1.5690   1.7056  -0.0383   0.2751  -0.6507   0.1181  -0.1933   0.0233   0.0276   5.9200
  1.0216   3.1964   0.1046  -3.2659   1.5419   1.7879  -0.1070   0.3136  -0.6255   0.1290  -0.2103   0.0246   0.0180   5.9400
  0.9191   2.9585   0.2903  -3.0502   1.4707   1.8423  -0.1718   0.3510  -0.5993   0.1382  -0.2249   0.0259   0.0095   5.9600
  0.8018   2.6941   0.4754  -2.7560   1.3554   1.8679  -0.2310   0.3864  -0.5724   0.1454  -0.2365   0.0271   0.0027   5.9800
  0.6675   2.4095   0.6579  -2.3903   1.1980   1.8646  -0.2830   0.4189  -0.5453   0.1500  -0.2448   0.0282  -0.0020   6.0000
