  1.2557  -0.4986  -0.6890   0.3213   0.0964  -0.0369  -0.1017   0.0498  -0.7002   0.0093  -0.0529   0.0272  -0.2553   0.0000
  1.1911  -0.5548  -0.6484   0.3115   0.0619  -0.0488  -0.0939   0.0510  -0.6968   0.0061  -0.0520   0.0305  -0.2604   0.0200
  1.1246  -0.6018  -0.6044   0.2876   0.0294  -0.0505  -0.0864   0.0515  -0.6934   0.0034  -0.0516   0.0338  -0.2652   0.0400
  1.0573  -0.6401  -0.5561   0.2535  -0.0015  -0.0422  -0.0796   0.0513  -0.6898   0.0013  -0.0518   0.0370  -0.2696   0.0600
  0.9903  -0.6707  -0.5032   0.2140  -0.0311  -0.0246  -0.0736   0.0506  -0.6857  -0.0004  -0.0526   0.0398  -0.2733   0.0800
  0.9245  -0.6946  -0.4455   0.1738  -0.0595   0.0012  -0.0686   0.0492  -0.6811  -0.0017  -0.0539   0.0421  -0.2763   0.1000
  0.8609  -0.7130  -0.3834   0.1375  -0.0873   0.0337  -0.0644   0.0474  -0.6758  -0.0027  -0.0554   0.0437  -0.2781   0.1200
  0.8005  -0.7273  -0.3173   0.1094  -0.1146   0.0710  -0.0610   0.0449  -0.6698  -0.0035  -0.0572   0.0445  -0.2787   0.1400
  0.7440  -0.7386  -0.2482   0.0933  -0.1416   0.1109  -0.0582   0.0420  -0.6630  -0.0044  -0.0588   0.0444  -0.2779   0.1600
  0.6922  -0.7480  -0.1773   0.0918  -0.1683   0.1513  -0.0557   0.0385  -0.6554  -0.0055  -0.0602   0.0433  -0.2756   0.1800
  0.6456  -0.7564  -0.1058   0.1068  -0.1946   0.1898  -0.0531   0.0345  -0.6470  -0.0068  -0.0611   0.0412  -0.2716   0.2000
  0.6046  -0.7642  -0.0353   0.1392  -0.2202   0.2242  -0.0501   0.0300  -0.6380  -0.0086  -0.0612   0.0382  -0.2660   0.2200
  0.5695  -0.7716   0.0326   0.1884  -0.2445   0.2526  -0.0464   0.0249  -0.6284  -0.0109  -0.0604   0.0342  -0.2588   0.2400
  0.5405  -0.7784   0.0962   0.2530  -0.2668   0.2732  -0.0416   0.0194  -0.6184  -0.0138  -0.0586   0.0294  -0.2500   0.2600
  0.5174  -0.7841   0.1540   0.3304  -0.2863   0.2848  -0.0354   0.0134  -0.6083  -0.0172  -0.0556   0.0240  -0.2397   0.2800
  0.5002  -0.7879   0.2046   0.4170  -0.3020   0.2865  -0.0275   0.0071  -0.5981  -0.0212  -0.0515   0.0180  -0.2281   0.3000
  0.4886  -0.7886   0.2468   0.5088  -0.3130   0.2778  -0.0178   0.0004  -0.5881  -0.0257  -0.0461   0.0117  -0.2153   0.3200
  0.4822  -0.7848   0.2796   0.6007  -0.3184   0.2590  -0.0062  -0.0065  -0.5785  -0.0306  -0.0398   0.0053  -0.2017   0.3400
  0.4805  -0.7752   0.3024   0.6878  -0.3176   0.2306   0.0074  -0.0135  -0.5694  -0.0357  -0.0325  -0.0011  -0.1873   0.3600
  0.4829  -0.7582   0.3151   0.7649  -0.3098   0.1937   0.0226  -0.0205  -0.5611  -0.0408  -0.0246  -0.0072  -0.1726   0.3800
  0.4889  -0.7324   0.3176   0.8270  -0.2949   0.1498   0.0394  -0.0273  -0.5536  -0.0459  -0.0162  -0.0129  -0.1576   0.4000
  0.4979  -0.6965   0.3104   0.8695  -0.2729   0.1008   0.0573  -0.0339  -0.5472  -0.0507  -0.0079  -0.0179  -0.1428   0.4200
  0.5093  -0.6495   0.2944   0.8887  -0.2441   0.0487   0.0759  -0.0399  -0.5417  -0.0550   0.0002  -0.0222  -0.1284   0.4400
  0.5225  -0.5909   0.2706   0.8816  -0.2092  -0.0042   0.0948  -0.0454  -0.5372  -0.0586   0.0077  -0.0257  -0.1146   0.4600
  0.5370  -0.5204   0.2403   0.8463  -0.1691  -0.0556   0.1133  -0.0502  -0.5338  -0.0614   0.0143  -0.0283  -0.1016   0.4800
  0.5523  -0.4383   0.2051   0.7819  -0.1251  -0.1035   0.1309  -0.0542  -0.5313  -0.0631   0.0196  -0.0299  -0.0896   0.5000
  0.5683  -0.3453   0.1666   0.6888  -0.0787  -0.1457   0.1470  -0.0574  -0.5296  -0.0638   0.0234  -0.0306  -0.0788   0.5200
  0.5845  -0.2426   0.1265   0.5686  -0.0315  -0.1806   0.1610  -0.0596  -0.5286  -0.0633   0.0255  -0.0304  -0.0694   0.5400
  0.6008  -0.1320   0.0864   0.4241   0.0149  -0.2068   0.1724  -0.0609  -0.5282  -0.0616   0.0259  -0.0293  -0.0612   0.5600
  0.6172  -0.0155   0.0480   0.2591   0.0591  -0.2233   0.1806  -0.0613  -0.5280  -0.0586   0.0245  -0.0275  -0.0546   0.5800
  0.6336   0.1042   0.0124   0.0783   0.0998  -0.2298   0.1854  -0.0608  -0.5281  -0.0545   0.0214  -0.0251  -0.0493   0.6000
  0.6502   0.2244  -0.0190  -0.1127   0.1359  -0.2264   0.1864  -0.0596  -0.5281  -0.0492   0.0168  -0.0222  -0.0455   0.6200
  0.6671   0.3423  -0.0456  -0.3080   0.1669  -0.2134   0.1835  -0.0576  -0.5279  -0.0429   0.0108  -0.0189  -0.0430   0.6400
  0.6843   0.4546  -0.0667  -0.5013   0.1927  -0.1919   0.1765  -0.0551  -0.5274  -0.0357   0.0040  -0.0154  -0.0417   0.6600
  0.7020   0.5586  -0.0822  -0.6861   0.2136  -0.1632   0.1658  -0.0521  -0.5263  -0.0279  -0.0035  -0.0117  -0.0416   0.6800
  0.7202   0.6514  -0.0923  -0.8562   0.2306  -0.1292   0.1513  -0.0486  -0.5247  -0.0195  -0.0112  -0.0080  -0.0425   0.7000
  0.7389   0.7305  -0.0973  -1.0060   0.2450  -0.0917   0.1336  -0.0448  -0.5224  -0.0109  -0.0186  -0.0045  -0.0441   0.7200
  0.7581   0.7938  -0.0979  -1.1303   0.2588  -0.0528   0.1130  -0.0407  -0.5194  -0.0021  -0.0254  -0.0011  -0.0463   0.7400
  0.7773   0.8396  -0.0953  -1.2247   0.2739  -0.0147   0.0902  -0.0362  -0.5158   0.0065  -0.0313   0.0020  -0.0489   0.7600
  0.7962   0.8668  -0.0903  -1.2862   0.2928   0.0206   0.0657  -0.0314  -0.5115   0.0148  -0.0359   0.0048  -0.0517   0.7800
  0.8142   0.8750  -0.0844  -1.3124   0.3178   0.0512   0.0403  -0.0260  -0.5067   0.0226  -0.0389   0.0072  -0.0546   0.8000
  0.8304   0.8641  -0.0787  -1.3024   0.3510   0.0755   0.0146  -0.0201  -0.5015   0.0296  -0.0404   0.0092  -0.0572   0.8200
  0.8438   0.8348  -0.0744  -1.2565   0.3945   0.0923  -0.0105  -0.0133  -0.4960   0.0358  -0.0402   0.0108  -0.0594   0.8400
  0.8532   0.7885  -0.0726  -1.1762   0.4494   0.1006  -0.0344  -0.0055  -0.4904   0.0409  -0.0384   0.0120  -0.0611   0.8600
  0.8572   0.7269  -0.0743  -1.0643   0.5167   0.1001  -0.0563   0.0036  -0.4848   0.0449  -0.0353   0.0128  -0.0621   0.8800
  0.8543   0.6523  -0.0801  -0.9242   0.5961   0.0908  -0.0757   0.0142  -0.4794   0.0477  -0.0310   0.0133  -0.0624   0.9000
  0.8427   0.5674  -0.0904  -0.7609   0.6868   0.0733  -0.0920   0.0265  -0.4744   0.0492  -0.0261   0.0134  -0.0617   0.9200
  0.8208   0.4752  -0.1054  -0.5795   0.7870   0.0484  -0.1047   0.0408  -0.4699   0.0494  -0.0208   0.0133  -0.0601   0.9400
  0.7869   0.3788  -0.1247  -0.3861   0.8937   0.0174  -0.1137   0.0572  -0.4659   0.0482  -0.0157   0.0130  -0.0576   0.9600
  0.7392   0.2814  -0.1480  -0.1870   1.0035  -0.0180  -0.1185   0.0758  -0.4626   0.0459  -0.0112   0.0125  -0.0542   0.9800
  0.6762   0.1864  -0.1744   0.0114   1.1118  -0.0559  -0.1193   0.0966  -0.4601   0.0423  -0.0078   0.0118  -0.0499   1.0000
  0.5965   0.0967  -0.2030   0.2028   1.2139  -0.0945  -0.1160   0.1196  -0.4583   0.0377  -0.0060   0.0111  -0.0448   1.0200
  0.4990   0.0153  -0.2326   0.3812   1.3044  -0.1317  -0.1089   0.1445  -0.4572   0.0322  -0.0059   0.0104  -0.0391   1.0400
  0.3830  -0.0555  -0.2620   0.5411   1.3779  -0.1657  -0.0982   0.1710  -0.4568   0.0259  -0.0080   0.0097  -0.0328   1.0600
  0.2481  -0.1133  -0.2898   0.6777   1.4292  -0.1946  -0.0845   0.1988  -0.4569   0.0189  -0.0123   0.0091  -0.0260   1.0800
  0.0944  -0.1566  -0.3148   0.7872   1.4535  -0.2171  -0.0681   0.2273  -0.4575   0.0116  -0.0189   0.0087  -0.0190   1.1000
 -0.0776  -0.1843  -0.3360   0.8665   1.4469  -0.2319  -0.0496   0.2560  -0.4585   0.0040  -0.0276   0.0084  -0.0119   1.1200
 -0.2667  -0.1957  -0.3525   0.9138   1.4062  -0.2384  -0.0298   0.2841  -0.4597  -0.0036  -0.0383   0.0084  -0.0049   1.1400
 -0.4714  -0.1908  -0.3636   0.9283   1.3296  -0.2360  -0.0092   0.3110  -0.4609  -0.0110  -0.0505   0.0086   0.0020   1.1600
 -0.6895  -0.1699  -0.3690   0.9104   1.2164  -0.2249   0.0114   0.3360  -0.4620  -0.0180  -0.0640   0.0090   0.0086   1.1800
 -0.9184  -0.1340  -0.3689   0.8615   1.0677  -0.2057   0.0315   0.3582  -0.4629  -0.0245  -0.0781   0.0097   0.0148   1.2000
 -1.1551  -0.0845  -0.3635   0.7840   0.8857  -0.1792   0.0503   0.3771  -0.4633  -0.0301  -0.0924   0.0107   0.0205   1.2200
 -1.3961  -0.0232  -0.3538   0.6813   0.6742  -0.1467   0.0674   0.3919  -0.4633  -0.0349  -0.1062   0.0119   0.0257   1.2400
 -1.6378   0.0479  -0.3406   0.5574   0.4382  -0.1096   0.0822   0.4021  -0.4627  -0.0387  -0.1190   0.0134   0.0303   1.2600
 -1.8762   0.1263  -0.3255   0.4169   0.1838  -0.0699   0.0944   0.4072  -0.4615  -0.0413  -0.1303   0.0149   0.0342   1.2800
 -2.1075   0.2097  -0.3100   0.2649  -0.0819  -0.0292   0.1035   0.4071  -0.4596  -0.0428  -0.1395   0.0166   0.0375   1.3000
 -2.3277   0.2953  -0.2959   0.1067  -0.3515   0.0105   0.1096   0.4015  -0.4570  -0.0431  -0.1465   0.0183   0.0403   1.3200
 -2.5331   0.3806  -0.2848  -0.0525  -0.6171   0.0474   0.1123   0.3905  -0.4538  -0.0422  -0.1507   0.0200   0.0425   1.3400
 -2.7202   0.4632  -0.2786  -0.2077  -0.8712   0.0799   0.1119   0.3741  -0.4500  -0.0402  -0.1522   0.0215   0.0441   1.3600
 -2.8859   0.5406  -0.2789  -0.3541  -1.1065   0.1064   0.1083   0.3528  -0.4457  -0.0372  -0.1507   0.0229   0.0453   1.3800
 -3.0275   0.6107  -0.2869  -0.4877  -1.3166   0.1259   0.1018   0.3270  -0.4410  -0.0332  -0.1464   0.0239   0.0460   1.4000
 -3.1429   0.6718  -0.3037  -0.6051  -1.4961   0.1377   0.0926   0.2973  -0.4360  -0.0285  -0.1394   0.0245   0.0463   1.4200
 -3.2307   0.7222  -0.3300  -0.7035  -1.6408   0.1412   0.0812   0.2643  -0.4308  -0.0231  -0.1299   0.0246   0.0462   1.4400
 -3.2898   0.7609  -0.3659  -0.7811  -1.7480   0.1366   0.0680   0.2288  -0.4254  -0.0172  -0.1183   0.0243   0.0456   1.4600
 -3.3200   0.7869  -0.4112  -0.8371  -1.8166   0.1243   0.0532   0.1915  -0.4201  -0.0110  -0.1049   0.0234   0.0446   1.4800
 -3.3216   0.7999  -0.4650  -0.8713  -1.8469   0.1050   0.0375   0.1534  -0.4150  -0.0046  -0.0902   0.0220   0.0430   1.5000
 -3.2955   0.7999  -0.5261  -0.8845  -1.8406   0.0801   0.0212   0.1150  -0.4100   0.0017  -0.0744   0.0200   0.0410   1.5200
 -3.2431   0.7871  -0.5928  -0.8782  -1.8009   0.0508   0.0048   0.0773  -0.4052   0.0078  -0.0580   0.0175   0.0383   1.5400
 -3.1662   0.7622  -0.6629  -0.8544  -1.7320   0.0189  -0.0114   0.0407  -0.4008   0.0136  -0.0414   0.0145   0.0350   1.5600
 -3.0670   0.7259  -0.7341  -0.8156  -1.6391  -0.0138  -0.0271   0.0059  -0.3966   0.0191  -0.0249   0.0111   0.0309   1.5800
 -2.9481   0.6795  -0.8038  -0.7646  -1.5278  -0.0454  -0.0419  -0.0268  -0.3927   0.0240  -0.0088   0.0075   0.0260   1.6000
 -2.8119   0.6241  -0.8691  -0.7045  -1.4042  -0.0740  -0.0558  -0.0569  -0.3890   0.0284   0.0068   0.0037   0.0202   1.6200
 -2.6613   0.5612  -0.9275  -0.6382  -1.2742  -0.0978  -0.0684  -0.0844  -0.3854   0.0322   0.0217  -0.0001   0.0135   1.6400
 -2.4988   0.4922  -0.9762  -0.5683  -1.1437  -0.1153  -0.0798  -0.1091  -0.3819   0.0354   0.0358  -0.0039   0.0059   1.6600
 -2.3270   0.4185  -1.0131  -0.4975  -1.0177  -0.1251  -0.0899  -0.1312  -0.3782   0.0381   0.0490  -0.0073  -0.0027   1.6800
 -2.1483   0.3416  -1.0360  -0.4275  -0.9006  -0.1263  -0.0988  -0.1506  -0.3744   0.0402   0.0614  -0.0103  -0.0123   1.7000
 -1.9649   0.2627  -1.0434  -0.3600  -0.7958  -0.1180  -0.1065  -0.1677  -0.3702   0.0418   0.0730  -0.0129  -0.0227   1.7200
 -1.7787   0.1830  -1.0343  -0.2958  -0.7055  -0.1000  -0.1132  -0.1827  -0.3655   0.0430   0.0838  -0.0147  -0.0339   1.7400
 -1.5914   0.1035  -1.0082  -0.2353  -0.6311  -0.0726  -0.1188  -0.1960  -0.3602   0.0439   0.0939  -0.0158  -0.0457   1.7600
 -1.4041   0.0252  -0.9653  -0.1783  -0.5726  -0.0362  -0.1236  -0.2078  -0.3541   0.0444   0.1033  -0.0161  -0.0580   1.7800
 -1.2180  -0.0515  -0.9062  -0.1241  -0.5291   0.0083  -0.1276  -0.2185  -0.3471   0.0447   0.1120  -0.0156  -0.0707   1.8000
 -1.0338  -0.1258  -0.8323  -0.0717  -0.4989   0.0596  -0.1309  -0.2283  -0.3391   0.0447   0.1199  -0.0142  -0.0835   1.8200
 -0.8522  -0.1976  -0.7453  -0.0198  -0.4792   0.1161  -0.1335  -0.2376  -0.3300   0.0446   0.1272  -0.0120  -0.0963   1.8400
 -0.6733  -0.2666  -0.6477   0.0329  -0.4671   0.1760  -0.1355  -0.2465  -0.3199   0.0443   0.1337  -0.0090  -0.1087   1.8600
 -0.4974  -0.3327  -0.5420   0.0880  -0.4591   0.2373  -0.1369  -0.2551  -0.3086   0.0439   0.1393  -0.0054  -0.1208   1.8800
 -0.3245  -0.3959  -0.4311   0.1465  -0.4517   0.2980  -0.1375  -0.2636  -0.2963   0.0433   0.1439  -0.0014  -0.1322   1.9000
 -0.1546  -0.4562  -0.3182   0.2094  -0.4415   0.3559  -0.1373  -0.2718  -0.2829   0.0424   0.1475   0.0030  -0.1428   1.9200
  0.0124  -0.5136  -0.2063   0.2772  -0.4255   0.4090  -0.1362  -0.2797  -0.2686   0.0413   0.1498   0.0076  -0.1524   1.9400
  0.1765  -0.5682  -0.0983   0.3500  -0.4011   0.4556  -0.1340  -0.2872  -0.2535   0.0398   0.1509   0.0122  -0.1610   1.9600
  0.3378  -0.6200   0.0028   0.4271  -0.3662   0.4941  -0.1305  -0.2941  -0.2377   0.0380   0.1505   0.0165  -0.1685   1.9800
  0.4962  -0.6687   0.0948   0.5074  -0.3196   0.5230  -0.1257  -0.3001  -0.2215   0.0357   0.1488   0.0204  -0.1748   2.0000
  0.6517  -0.7143   0.1755   0.5894  -0.2608   0.5414  -0.1195  -0.3052  -0.2049   0.0330   0.1456   0.0237  -0.1799   2.0200
  0.8041  -0.7564   0.2434   0.6708  -0.1900   0.5489  -0.1117  -0.3090  -0.1882   0.0298   0.1409   0.0263  -0.1839   2.0400
  0.9532  -0.7947   0.2975   0.7491  -0.1081   0.5452  -0.1023  -0.3113  -0.1717   0.0260   0.1350   0.0279  -0.1868   2.0600
  1.0987  -0.8286   0.3374   0.8216  -0.0166   0.5305  -0.0913  -0.3120  -0.1554   0.0218   0.1278   0.0286  -0.1887   2.0800
  1.2401  -0.8576   0.3633   0.8852   0.0824   0.5056  -0.0788  -0.3108  -0.1396   0.0170   0.1195   0.0282  -0.1897   2.1000
  1.3771  -0.8813   0.3757   0.9370   0.1864   0.4715  -0.0649  -0.3077  -0.1244   0.0119   0.1103   0.0266  -0.1900   2.1200
  1.5091  -0.8990   0.3760   0.9745   0.2928   0.4295  -0.0499  -0.3026  -0.1101   0.0064   0.1004   0.0241  -0.1896   2.1400
  1.6356  -0.9101   0.3658   0.9951   0.3988   0.3813  -0.0339  -0.2955  -0.0966   0.0007   0.0900   0.0204  -0.1888   2.1600
  1.7560  -0.9143   0.3470   0.9972   0.5015   0.3286  -0.0173  -0.2864  -0.0842  -0.0052   0.0793   0.0159  -0.1876   2.1800
  1.8698  -0.9111   0.3219   0.9794   0.5986   0.2734  -0.0005  -0.2755  -0.0728  -0.0110   0.0686   0.0105  -0.1861   2.2000
  1.9763  -0.9002   0.2930   0.9413   0.6875   0.2177   0.0162  -0.2629  -0.0624  -0.0167   0.0581   0.0045  -0.1845   2.2200
  2.0750  -0.8817   0.2628   0.8831   0.7666   0.1632   0.0325  -0.2487  -0.0531  -0.0221   0.0478  -0.0020  -0.1829   2.2400
  2.1654  -0.8557   0.2336   0.8061   0.8342   0.1118   0.0478  -0.2332  -0.0449  -0.0270   0.0380  -0.0088  -0.1813   2.2600
  2.2469  -0.8223   0.2077   0.7120   0.8895   0.0651   0.0618  -0.2166  -0.0375  -0.0314   0.0286  -0.0157  -0.1798   2.2800
  2.3191  -0.7823   0.1871   0.6035   0.9318   0.0242   0.0742  -0.1991  -0.0309  -0.0350   0.0198  -0.0224  -0.1784   2.3000
  2.3816  -0.7361   0.1736   0.4837   0.9613  -0.0100   0.0847  -0.1810  -0.0251  -0.0378   0.0115  -0.0289  -0.1769   2.3200
  2.4340  -0.6847   0.1682   0.3564   0.9784  -0.0368   0.0930  -0.1625  -0.0198  -0.0397   0.0037  -0.0349  -0.1756   2.3400
  2.4760  -0.6292   0.1721   0.2255   0.9839  -0.0561   0.0990  -0.1439  -0.0150  -0.0408  -0.0036  -0.0403  -0.1741   2.3600
  2.5075  -0.5707   0.1854   0.0953   0.9788  -0.0681   0.1027  -0.1254  -0.0104  -0.0408  -0.0105  -0.0449  -0.1726   2.3800
  2.5282  -0.5105   0.2081  -0.0302   0.9647  -0.0734   0.1040  -0.1071  -0.0061  -0.0400  -0.0171  -0.0486  -0.1709   2.4000
  2.5383  -0.4497   0.2398  -0.1469   0.9431  -0.0729   0.1030  -0.0892  -0.0018  -0.0384  -0.0235  -0.0514  -0.1689   2.4200
  2.5376  -0.3897   0.2795  -0.2514   0.9157  -0.0677   0.0998  -0.0718   0.0025  -0.0360  -0.0296  -0.0533  -0.1665   2.4400
  2.5263  -0.3317   0.3259  -0.3406   0.8842  -0.0592   0.0948  -0.0549   0.0069  -0.0330  -0.0356  -0.0542  -0.1636   2.4600
  2.5047  -0.2768   0.3777  -0.4122   0.8501  -0.0489   0.0882  -0.0388   0.0114  -0.0295  -0.0414  -0.0541  -0.1602   2.4800
  2.4730  -0.2259   0.4329  -0.4645   0.8152  -0.0383   0.0804  -0.0233   0.0160  -0.0256  -0.0471  -0.0532  -0.1562   2.5000
  2.4315  -0.1798   0.4898  -0.4967   0.7808  -0.0289   0.0717  -0.0084   0.0207  -0.0215  -0.0525  -0.0515  -0.1514   2.5200
  2.3808  -0.1392   0.5466  -0.5089   0.7481  -0.0220   0.0626   0.0058   0.0255  -0.0175  -0.0577  -0.0491  -0.1460   2.5400
  2.3211  -0.1043   0.6014  -0.5018   0.7181  -0.0190   0.0534   0.0194   0.0302  -0.0135  -0.0625  -0.0462  -0.1398   2.5600
  2.2532  -0.0753   0.6525  -0.4772   0.6918  -0.0208   0.0444   0.0325   0.0348  -0.0099  -0.0669  -0.0427  -0.1328   2.5800
  2.1774  -0.0521   0.6985  -0.4371   0.6696  -0.0279   0.0361   0.0452   0.0392  -0.0066  -0.0707  -0.0390  -0.1251   2.6000
  2.0943  -0.0343   0.7382  -0.3845   0.6518  -0.0409   0.0288   0.0574   0.0433  -0.0038  -0.0739  -0.0350  -0.1168   2.6200
  2.0045  -0.0214   0.7706  -0.3225   0.6385  -0.0596   0.0226   0.0695   0.0469  -0.0016  -0.0765  -0.0308  -0.1078   2.6400
  1.9085  -0.0127   0.7951  -0.2546   0.6294  -0.0838   0.0177   0.0813   0.0500  -0.0000  -0.0785  -0.0267  -0.0983   2.6600
  1.8068  -0.0074   0.8116  -0.1844   0.6241  -0.1129   0.0142   0.0930   0.0525   0.0009  -0.0798  -0.0227  -0.0884   2.6800
  1.6998  -0.0045   0.8199  -0.1154   0.6218  -0.1458   0.0122   0.1047   0.0543   0.0013  -0.0807  -0.0188  -0.0782   2.7000
  1.5880  -0.0032   0.8206  -0.0508   0.6214  -0.1816   0.0115   0.1163   0.0553   0.0010  -0.0813  -0.0152  -0.0678   2.7200
  1.4717  -0.0025   0.8143   0.0063   0.6217  -0.2189   0.0121   0.1280   0.0556   0.0003  -0.0817  -0.0118  -0.0575   2.7400
  1.3513  -0.0013   0.8017   0.0536   0.6213  -0.2562   0.0139   0.1397   0.0550  -0.0008  -0.0822  -0.0087  -0.0473   2.7600
  1.2271   0.0010   0.7840   0.0889   0.6184  -0.2923   0.0165   0.1514   0.0538  -0.0021  -0.0831  -0.0059  -0.0374   2.7800
  1.0994   0.0052   0.7623   0.1111   0.6114  -0.3258   0.0197   0.1631   0.0518  -0.0037  -0.0845  -0.0035  -0.0279   2.8000
  0.9686   0.0118   0.7378   0.1194   0.5983  -0.3554   0.0233   0.1745   0.0492  -0.0053  -0.0868  -0.0014  -0.0191   2.8200
  0.8349   0.0212   0.7116   0.1138   0.5772  -0.3801   0.0269   0.1856   0.0462  -0.0068  -0.0902   0.0004  -0.0110   2.8400
  0.6989   0.0336   0.6849   0.0949   0.5466  -0.3990   0.0302   0.1962   0.0427  -0.0081  -0.0947   0.0019  -0.0037   2.8600
  0.5609   0.0488   0.6586   0.0640   0.5046  -0.4116   0.0331   0.2061   0.0390  -0.0091  -0.1005   0.0031   0.0027   2.8800
  0.4216   0.0668   0.6336   0.0228   0.4501  -0.4177   0.0351   0.2151   0.0352  -0.0098  -0.1074   0.0039   0.0080   2.9000
  0.2817   0.0871   0.6105  -0.0266   0.3822  -0.4172   0.0363   0.2228   0.0313  -0.0100  -0.1154   0.0045   0.0124   2.9200
  0.1421   0.1091   0.5897  -0.0816   0.3005  -0.4106   0.0364   0.2290   0.0276  -0.0097  -0.1242   0.0048   0.0156   2.9400
  0.0038   0.1321   0.5715  -0.1396   0.2051  -0.3984   0.0352   0.2335   0.0242  -0.0089  -0.1334   0.0049   0.0179   2.9600
 -0.1322   0.1554   0.5557  -0.1977   0.0970  -0.3815   0.0329   0.2359   0.0210  -0.0077  -0.1424   0.0047   0.0191   2.9800
 -0.2644   0.1781   0.5422  -0.2532  -0.0222  -0.3609   0.0293   0.2360   0.0183  -0.0060  -0.1508   0.0043   0.0195   3.0000
 -0.3916   0.1993   0.5306  -0.3033  -0.1502  -0.3376   0.0247   0.2336   0.0160  -0.0040  -0.1578   0.0037   0.0191   3.0200
 -0.5123   0.2183   0.5203  -0.3457  -0.2839  -0.3131   0.0191   0.2285   0.0143  -0.0016  -0.1628   0.0029   0.0179   3.0400
 -0.6250   0.2344   0.5109  -0.3783  -0.4196  -0.2884   0.0128   0.2207   0.0129   0.0010  -0.1651   0.0019   0.0163   3.0600
 -0.7283   0.2468   0.5016  -0.3994  -0.5529  -0.2647   0.0059   0.2101   0.0121   0.0037  -0.1641   0.0008   0.0143   3.0800
 -0.8207   0.2551   0.4918  -0.4079  -0.6791  -0.2430  -0.0013   0.1968   0.0116   0.0064  -0.1593  -0.0005   0.0121   3.1000
 -0.9013   0.2589   0.4809  -0.4031  -0.7930  -0.2243  -0.0085   0.1811   0.0115   0.0090  -0.1501  -0.0018   0.0099   3.1200
 -0.9689   0.2583   0.4684  -0.3848  -0.8896  -0.2091  -0.0153   0.1632   0.0117   0.0114  -0.1364  -0.0031   0.0079   3.1400
 -1.0230   0.2533   0.4539  -0.3535  -0.9640  -0.1980  -0.0216   0.1435   0.0121   0.0134  -0.1181  -0.0044   0.0063   3.1600
 -1.0632   0.2442   0.4372  -0.3101  -1.0116  -0.1910  -0.0271   0.1225   0.0126   0.0151  -0.0953  -0.0056   0.0052   3.1800
 -1.0896   0.2315   0.4181  -0.2561  -1.0285  -0.1881  -0.0315   0.1008   0.0132   0.0163  -0.0684  -0.0067   0.0047   3.2000
 -1.1028   0.2159   0.3968  -0.1933  -1.0119  -0.1891  -0.0346   0.0791   0.0137   0.0169  -0.0381  -0.0076   0.0050   3.2200
 -1.1038   0.1984   0.3735  -0.1239  -0.9597  -0.1933  -0.0363   0.0581   0.0142   0.0169  -0.0050  -0.0083   0.0061   3.2400
 -1.0941   0.1799   0.3486  -0.0504  -0.8715  -0.2001  -0.0366   0.0384   0.0146   0.0164   0.0297  -0.0086   0.0081   3.2600
 -1.0755   0.1615   0.3226   0.0245  -0.7480  -0.2087  -0.0352   0.0209   0.0149   0.0152   0.0651  -0.0087   0.0111   3.2800
 -1.0503   0.1445   0.2961   0.0982  -0.5915  -0.2182  -0.0324   0.0063   0.0151   0.0134   0.0998  -0.0084   0.0149   3.3000
 -1.0212   0.1299   0.2697   0.1679  -0.4055  -0.2278  -0.0280  -0.0048   0.0152   0.0111   0.1326  -0.0078   0.0196   3.3200
 -0.9911   0.1189   0.2440   0.2311  -0.1952  -0.2365  -0.0224  -0.0119   0.0152   0.0084   0.1623  -0.0069   0.0251   3.3400
 -0.9630   0.1125   0.2195   0.2856   0.0333  -0.2437  -0.0156  -0.0145   0.0153   0.0052   0.1876  -0.0056   0.0313   3.3600
 -0.9402   0.1115   0.1967   0.3294   0.2727  -0.2488  -0.0080  -0.0123   0.0153   0.0017   0.2077  -0.0040   0.0379   3.3800
 -0.9255   0.1168   0.1756   0.3609   0.5150  -0.2514   0.0004  -0.0051   0.0155  -0.0019   0.2215  -0.0022   0.0450   3.4000
 -0.9220   0.1287   0.1565   0.3790   0.7519  -0.2512   0.0092   0.0070   0.0158  -0.0057   0.2286  -0.0002   0.0523   3.4200
 -0.9322   0.1476   0.1391   0.3832   0.9750  -0.2484   0.0180   0.0239   0.0164  -0.0094   0.2287   0.0019   0.0596   3.4400
 -0.9583   0.1735   0.1231   0.3733   1.1759  -0.2432   0.0267   0.0451   0.0171  -0.0130   0.2215   0.0039   0.0668   3.4600
 -1.0021   0.2060   0.1079   0.3499   1.3472  -0.2360   0.0350   0.0701   0.0181  -0.0163   0.2075   0.0059   0.0737   3.4800
 -1.0647   0.2449   0.0926   0.3137   1.4821  -0.2275   0.0425   0.0983   0.0194  -0.0193   0.1872   0.0076   0.0801   3.5000
 -1.1466   0.2892   0.0764   0.2661   1.5753  -0.2184   0.0492   0.1288   0.0209  -0.0218   0.1612   0.0090   0.0861   3.5200
 -1.2477   0.3382   0.0582   0.2088   1.6226  -0.2096   0.0547   0.1608   0.0226  -0.0238   0.1308   0.0101   0.0913   3.5400
 -1.3672   0.3907   0.0369   0.1436   1.6217  -0.2020   0.0591   0.1933   0.0245  -0.0252   0.0970   0.0107   0.0959   3.5600
 -1.5037   0.4456   0.0114   0.0727   1.5719  -0.1964   0.0621   0.2252   0.0264  -0.0259   0.0612   0.0108   0.0996   3.5800
 -1.6551   0.5015  -0.0191  -0.0018   1.4741  -0.1934   0.0638   0.2555   0.0283  -0.0260   0.0247   0.0104   0.1026   3.6000
 -1.8188   0.5570  -0.0555  -0.0778   1.3308  -0.1936   0.0641   0.2834   0.0300  -0.0253  -0.0111   0.0094   0.1048   3.6200
 -1.9917   0.6109  -0.0981  -0.1532   1.1462  -0.1974   0.0631   0.3078   0.0316  -0.0239  -0.0449   0.0078   0.1062   3.6400
 -2.1705   0.6619  -0.1472  -0.2263   0.9253  -0.2048   0.0609   0.3281   0.0328  -0.0219  -0.0757   0.0058   0.1070   3.6600
 -2.3515   0.7088  -0.2025  -0.2955   0.6747  -0.2156   0.0574   0.3435   0.0336  -0.0192  -0.1025   0.0032   0.1071   3.6800
 -2.5308   0.7504  -0.2633  -0.3596   0.4012  -0.2293   0.0529   0.3535   0.0340  -0.0159  -0.1245   0.0003   0.1068   3.7000
 -2.7046   0.7860  -0.3285  -0.4176   0.1124  -0.2452   0.0473   0.3577   0.0339  -0.0120  -0.1414  -0.0028   0.1061   3.7200
 -2.8691   0.8146  -0.3967  -0.4688  -0.1844  -0.2623   0.0409   0.3559   0.0334  -0.0077  -0.1528  -0.0061   0.1050   3.7400
 -3.0207   0.8357  -0.4659  -0.5130  -0.4817  -0.2794   0.0338   0.3480   0.0324  -0.0029  -0.1589  -0.0094   0.1039   3.7600
 -3.1560   0.8488  -0.5341  -0.5501  -0.7728  -0.2951   0.0259   0.3341   0.0311   0.0021  -0.1599  -0.0126   0.1026   3.7800
 -3.2720   0.8537  -0.5988  -0.5800  -1.0514  -0.3081   0.0175   0.3145   0.0296   0.0074  -0.1564  -0.0155   0.1014   3.8000
 -3.3661   0.8503  -0.6576  -0.6030  -1.3123  -0.3169   0.0084   0.2894   0.0281   0.0129  -0.1489  -0.0180   0.1003   3.8200
 -3.4361   0.8384  -0.7081  -0.6192  -1.5512  -0.3204  -0.0011   0.2592   0.0266   0.0184  -0.1384  -0.0200   0.0994   3.8400
 -3.4801   0.8182  -0.7480  -0.6288  -1.7647  -0.3174  -0.0112   0.2246   0.0255   0.0238  -0.1256  -0.0214   0.0987   3.8600
 -3.4969   0.7898  -0.7756  -0.6317  -1.9506  -0.3070  -0.0218   0.1860   0.0250   0.0291  -0.1115  -0.0220   0.0982   3.8800
 -3.4855   0.7536  -0.7892  -0.6279  -2.1077  -0.2889  -0.0328   0.1441   0.0253   0.0341  -0.0968  -0.0219   0.0980   3.9000
 -3.4454   0.7096  -0.7880  -0.6168  -2.2354  -0.2629  -0.0442   0.0995   0.0266   0.0389  -0.0824  -0.0209   0.0980   3.9200
 -3.3765   0.6582  -0.7720  -0.5981  -2.3342  -0.2293  -0.0560   0.0527   0.0291   0.0432  -0.0688  -0.0192   0.0983   3.9400
 -3.2789   0.5998  -0.7415  -0.5707  -2.4049  -0.1889  -0.0681   0.0044   0.0330   0.0470  -0.0566  -0.0168   0.0987   3.9600
 -3.1530   0.5347  -0.6980  -0.5340  -2.4488  -0.1427  -0.0803  -0.0449   0.0385   0.0502  -0.0459  -0.0137   0.0992   3.9800
 -2.9996   0.4632  -0.6436  -0.4869  -2.4676  -0.0923  -0.0924  -0.0947   0.0455   0.0527  -0.0370  -0.0100   0.0998   4.0000
 -2.8195   0.3860  -0.5811  -0.4285  -2.4629  -0.0397  -0.1043  -0.1444   0.0542   0.0544  -0.0298  -0.0060   0.1003   4.0200
 -2.6139   0.3035  -0.5140  -0.3580  -2.4364   0.0132  -0.1156  -0.1936   0.0645   0.0554  -0.0240  -0.0016   0.1009   4.0400
 -2.3840   0.2163  -0.4463  -0.2748  -2.3895   0.0639  -0.1262  -0.2419   0.0764   0.0555  -0.0192   0.0029   0.1013   4.0600
 -2.1310   0.1254  -0.3822  -0.1789  -2.3235   0.1103  -0.1355  -0.2890   0.0896   0.0546  -0.0149   0.0073   0.1017   4.0800
 -1.8567   0.0316  -0.3262  -0.0705  -2.2395   0.1499  -0.1434  -0.3344   0.1039   0.0528  -0.0105   0.0115   0.1018   4.1000
 -1.5625  -0.0640  -0.2826   0.0495  -2.1380   0.1806  -0.1493  -0.3779   0.1191   0.0501  -0.0054   0.0153   0.1018   4.1200
 -1.2503  -0.1599  -0.2553   0.1796  -2.0195   0.2006  -0.1529  -0.4191   0.1350   0.0464   0.0010   0.0186   0.1016   4.1400
 -0.9220  -0.2549  -0.2477   0.3175  -1.8843   0.2085  -0.1540  -0.4578   0.1511   0.0419   0.0092   0.0212   0.1013   4.1600
 -0.5798  -0.3471  -0.2626   0.4604  -1.7323   0.2033  -0.1522  -0.4936   0.1671   0.0364   0.0198   0.0231   0.1008   4.1800
 -0.2260  -0.4348  -0.3015   0.6049  -1.5635   0.1843  -0.1473  -0.5262   0.1827   0.0303   0.0331   0.0240   0.1002   4.2000
  0.1370  -0.5162  -0.3649   0.7470  -1.3778   0.1518  -0.1392  -0.5553   0.1975   0.0235   0.0494   0.0242   0.0995   4.2200
  0.5065  -0.5892  -0.4523   0.8825  -1.1751   0.1064  -0.1278  -0.5805   0.2112   0.0162   0.0686   0.0234   0.0988   4.2400
  0.8795  -0.6520  -0.5617   1.0066  -0.9555   0.0494  -0.1132  -0.6016   0.2236   0.0085   0.0906   0.0218   0.0982   4.2600
  1.2531  -0.7027  -0.6900   1.1149  -0.7193  -0.0174  -0.0957  -0.6183   0.2344   0.0007   0.1152   0.0194   0.0976   4.2800
  1.6239  -0.7397  -0.8328   1.2028  -0.4671  -0.0919  -0.0755  -0.6301   0.2434  -0.0071   0.1418   0.0163   0.0971   4.3000
  1.9887  -0.7616  -0.9848   1.2664  -0.1999  -0.1713  -0.0530  -0.6369   0.2506  -0.0147   0.1697   0.0126   0.0967   4.3200
  2.3441  -0.7674  -1.1399   1.3021   0.0810  -0.2527  -0.0288  -0.6383   0.2559  -0.0219   0.1983   0.0086   0.0965   4.3400
  2.6865  -0.7563  -1.2915   1.3073   0.3738  -0.3330  -0.0034  -0.6340   0.2593  -0.0285   0.2265   0.0043   0.0965   4.3600
  3.0125  -0.7282  -1.4325   1.2800   0.6764  -0.4092   0.0223  -0.6239   0.2610  -0.0343   0.2534  -0.0001   0.0967   4.3800
  3.3185  -0.6834  -1.5562   1.2197   0.9862  -0.4783   0.0478  -0.6077   0.2610  -0.0392   0.2780  -0.0045   0.0970   4.4000
  3.6014  -0.6228  -1.6560   1.1266   1.3001  -0.5374   0.0723  -0.5853   0.2598  -0.0430   0.2993  -0.0086   0.0974   4.4200
  3.8579  -0.5477  -1.7261   1.0023   1.6145  -0.5844   0.0950  -0.5567   0.2574  -0.0456   0.3162  -0.0123   0.0980   4.4400
  4.0849  -0.4601  -1.7617   0.8495   1.9256  -0.6172   0.1152  -0.5218   0.2542  -0.0469   0.3279  -0.0155   0.0986   4.4600
  4.2798  -0.3623  -1.7591   0.6719   2.2291  -0.6345   0.1324  -0.4808   0.2505  -0.0470   0.3337  -0.0180   0.0992   4.4800
  4.4401  -0.2572  -1.7163   0.4743   2.5204  -0.6357   0.1459  -0.4338   0.2467  -0.0458   0.3327  -0.0199   0.0997   4.5000
  4.5636  -0.1478  -1.6327   0.2619   2.7947  -0.6205   0.1555  -0.3811   0.2430  -0.0433   0.3247  -0.0211   0.1002   4.5200
  4.6485  -0.0374  -1.5092   0.0410   3.0470  -0.5897   0.1607  -0.3231   0.2398  -0.0397   0.3093  -0.0215   0.1005   4.5400
  4.6933   0.0704  -1.3487  -0.1822   3.2722  -0.5444   0.1614  -0.2603   0.2373  -0.0351   0.2866  -0.0211   0.1006   4.5600
  4.6969   0.1723  -1.1554  -0.4013   3.4653  -0.4864   0.1577  -0.1932   0.2358  -0.0297   0.2567  -0.0200   0.1006   4.5800
  4.6587   0.2650  -0.9347  -0.6099   3.6216  -0.4179   0.1497  -0.1225   0.2354  -0.0236   0.2200  -0.0184   0.1003   4.6000
  4.5784   0.3456  -0.6935  -0.8022   3.7364  -0.3416   0.1377  -0.0490   0.2362  -0.0171   0.1773  -0.0161   0.0998   4.6200
  4.4561   0.4114  -0.4393  -0.9729   3.8058  -0.2604   0.1222   0.0264   0.2385  -0.0103   0.1294  -0.0135   0.0990   4.6400
  4.2925   0.4604  -0.1801  -1.1175   3.8264  -0.1773   0.1035   0.1028   0.2421  -0.0034   0.0774  -0.0105   0.0981   4.6600
  4.0884   0.4911   0.0758  -1.2326   3.7955  -0.0952   0.0825   0.1792   0.2471   0.0032   0.0224  -0.0073   0.0970   4.6800
  3.8456   0.5025   0.3205  -1.3158   3.7116  -0.0171   0.0597   0.2545   0.2534   0.0095  -0.0343  -0.0041   0.0958   4.7000
  3.5658   0.4945   0.5465  -1.3657   3.5740   0.0544   0.0359   0.3276   0.2609   0.0152  -0.0911  -0.0010   0.0946   4.7200
  3.2516   0.4675   0.7473  -1.3824   3.3832   0.1172   0.0118   0.3975   0.2694   0.0202  -0.1468   0.0020   0.0933   4.7400
  2.9059   0.4226   0.9175  -1.3669   3.1412   0.1696  -0.0119   0.4630   0.2789   0.0244  -0.1999   0.0047   0.0922   4.7600
  2.5320   0.3616   1.0533  -1.3212   2.8509   0.2104  -0.0345   0.5233   0.2890   0.0276  -0.2491   0.0070   0.0911   4.7800
  2.1338   0.2867   1.1522  -1.2485   2.5167   0.2390  -0.0553   0.5773   0.2997   0.0299  -0.2931   0.0089   0.0902   4.8000
  1.7156   0.2005   1.2135  -1.1525   2.1441   0.2554  -0.0740   0.6241   0.3107   0.0313  -0.3309   0.0102   0.0895   4.8200
  1.2820   0.1061   1.2381  -1.0377   1.7398   0.2602  -0.0900   0.6632   0.3220   0.0317  -0.3616   0.0110   0.0891   4.8400
  0.8381   0.0066   1.2283  -0.9089   1.3114   0.2545  -0.1031   0.6938   0.3332   0.0312  -0.3846   0.0112   0.0890   4.8600
  0.3890  -0.0945   1.1881  -0.7712   0.8672   0.2398  -0.1130   0.7156   0.3445   0.0299  -0.3993   0.0109   0.0891   4.8800
 -0.0597  -0.1942   1.1225  -0.6294   0.4161   0.2182  -0.1198   0.7283   0.3555   0.0280  -0.4057   0.0101   0.0896   4.9000
 -0.5024  -0.2893   1.0373  -0.4886  -0.0329   0.1917  -0.1235   0.7320   0.3663   0.0255  -0.4038   0.0087   0.0902   4.9200
 -0.9337  -0.3770   0.9392  -0.3531  -0.4706   0.1627  -0.1242   0.7267   0.3769   0.0227  -0.3939   0.0070   0.0912   4.9400
 -1.3481  -0.4549   0.8349  -0.2267  -0.8883   0.1335  -0.1222   0.7127   0.3872   0.0196  -0.3765   0.0049   0.0922   4.9600
 -1.7405  -0.5211   0.7313  -0.1128  -1.2779   0.1063  -0.1178   0.6905   0.3974   0.0164  -0.3525   0.0024   0.0934   4.9800
 -2.1060  -0.5739   0.6348  -0.0138  -1.6320   0.0832  -0.1113   0.6608   0.4073   0.0132  -0.3227  -0.0002   0.0947   5.0000
 -2.4402  -0.6126   0.5511   0.0686  -1.9444   0.0657  -0.1033   0.6243   0.4172   0.0102  -0.2882  -0.0029   0.0960   5.0200
 -2.7395  -0.6366   0.4850   0.1336  -2.2102   0.0552  -0.0942   0.5820   0.4271   0.0075  -0.2500  -0.0056   0.0973   5.0400
 -3.0007  -0.6461   0.4404   0.1812  -2.4261   0.0526  -0.0843   0.5348   0.4371   0.0051  -0.2095  -0.0082   0.0984   5.0600
 -3.2214  -0.6417   0.4195   0.2121  -2.5899   0.0582  -0.0742   0.4838   0.4472   0.0032  -0.1678  -0.0106   0.0994   5.0800
 -3.4002  -0.6244   0.4236   0.2278  -2.7013   0.0719  -0.0642   0.4300   0.4576   0.0017  -0.1261  -0.0128   0.1003   5.1000
 -3.5361  -0.5956   0.4525   0.2301  -2.7614   0.0931  -0.0547   0.3746   0.4684   0.0007  -0.0854  -0.0145   0.1010   5.1200
 -3.6293  -0.5568   0.5047   0.2217  -2.7728   0.1210  -0.0458   0.3184   0.4795   0.0002  -0.0467  -0.0159   0.1015   5.1400
 -3.6806  -0.5101   0.5775   0.2052  -2.7394   0.1542  -0.0379   0.2625   0.4911   0.0001  -0.0108  -0.0167   0.1018   5.1600
 -3.6917  -0.4572   0.6673   0.1836  -2.6661   0.1911  -0.0311   0.2077   0.5030   0.0003   0.0216  -0.0170   0.1020   5.1800
 -3.6646  -0.4002   0.7697   0.1598  -2.5586   0.2301  -0.0255   0.1549   0.5154   0.0009   0.0500  -0.0166   0.1021   5.2000
 -3.6023  -0.3409   0.8797   0.1366  -2.4234   0.2694  -0.0209   0.1045   0.5282   0.0016   0.0742  -0.0157   0.1022   5.2200
 -3.5081  -0.2810   0.9920   0.1167  -2.2673   0.3073  -0.0174   0.0571   0.5414   0.0025   0.0940  -0.0141   0.1022   5.2400
 -3.3854  -0.2221   1.1014   0.1022  -2.0970   0.3422  -0.0149   0.0130   0.5548   0.0035   0.1095  -0.0120   0.1023   5.2600
 -3.2382  -0.1653   1.2028   0.0949  -1.9191   0.3726  -0.0131  -0.0275   0.5684   0.0045   0.1208  -0.0094   0.1024   5.2800
 -3.0704  -0.1116   1.2914   0.0959  -1.7398   0.3976  -0.0119  -0.0644   0.5821   0.0053   0.1284  -0.0063   0.1028   5.3000
 -2.8858  -0.0618   1.3631   0.1059  -1.5645   0.4164  -0.0109  -0.0976   0.5958   0.0060   0.1328  -0.0028   0.1033   5.3200
 -2.6880  -0.0162   1.4149   0.1249  -1.3979   0.4287  -0.0101  -0.1275   0.6095   0.0065   0.1343   0.0010   0.1041   5.3400
 -2.4806   0.0251   1.4441   0.1526  -1.2435   0.4345  -0.0091  -0.1541   0.6230   0.0067   0.1338   0.0049   0.1051   5.3600
 -2.2665   0.0620   1.4495   0.1877  -1.1040   0.4341  -0.0078  -0.1778   0.6362   0.0066   0.1316   0.0089   0.1064   5.3800
 -2.0483   0.0951   1.4305   0.2289  -0.9808   0.4284  -0.0060  -0.1989   0.6493   0.0063   0.1286   0.0127   0.1079   5.4000
 -1.8283   0.1247   1.3876   0.2744  -0.8745   0.4183  -0.0034  -0.2178   0.6620   0.0056   0.1252   0.0164   0.1096   5.4200
 -1.6080   0.1513   1.3221   0.3218  -0.7843   0.4051  -0.0002  -0.2348   0.6744   0.0047   0.1220   0.0196   0.1116   5.4400
 -1.3886   0.1755   1.2360   0.3691  -0.7088   0.3902   0.0039  -0.2502   0.6866   0.0036   0.1193   0.0224   0.1137   5.4600
 -1.1709   0.1980   1.1322   0.4137  -0.6459   0.3749   0.0087  -0.2644   0.6985   0.0024   0.1175   0.0246   0.1159   5.4800
 -0.9549   0.2191   1.0138   0.4536  -0.5928   0.3606   0.0143  -0.2775   0.7102   0.0010   0.1168   0.0261   0.1182   5.5000
 -0.7407   0.2393   0.8843   0.4865  -0.5463   0.3486   0.0204  -0.2897   0.7219  -0.0005   0.1174   0.0269   0.1204   5.5200
 -0.5279   0.2589   0.7474   0.5107  -0.5031   0.3398   0.0270  -0.3011   0.7335  -0.0019   0.1193   0.0269   0.1226   5.5400
 -0.3158   0.2780   0.6067   0.5249  -0.4599   0.3349   0.0339  -0.3118   0.7452  -0.0034   0.1222   0.0262   0.1247   5.5600
 -0.1037   0.2967   0.4658   0.5279  -0.4137   0.3343   0.0408  -0.3217   0.7571  -0.0047   0.1262   0.0247   0.1266   5.5800
  0.1090   0.3146   0.3279   0.5193  -0.3617   0.3382   0.0476  -0.3307   0.7692  -0.0059   0.1309   0.0224   0.1283   5.6000
  0.3230   0.3317   0.1958   0.4991  -0.3017   0.3460   0.0539  -0.3386   0.7817  -0.0069   0.1359   0.0196   0.1297   5.6200
  0.5386   0.3474   0.0720   0.4677  -0.2322   0.3573   0.0596  -0.3453   0.7946  -0.0076   0.1410   0.0163   0.1309   5.6400
  0.7559   0.3613  -0.0416   0.4261  -0.1524   0.3710   0.0644  -0.3506   0.8079  -0.0082   0.1458   0.0125   0.1319   5.6600
  0.9747   0.3729  -0.1436   0.3757  -0.0621   0.3859   0.0682  -0.3542   0.8215  -0.0084   0.1497   0.0086   0.1326   5.6800
  1.1945   0.3817  -0.2330   0.3180   0.0381   0.4005   0.0709  -0.3558   0.8356  -0.0084   0.1526   0.0045   0.1330   5.7000
  1.4142   0.3873  -0.3095   0.2552   0.1468   0.4134   0.0723  -0.3554   0.8500  -0.0081   0.1540   0.0005   0.1332   5.7200
  1.6323   0.3892  -0.3730   0.1893   0.2621   0.4231   0.0725  -0.3527   0.8646  -0.0076   0.1537  -0.0033   0.1332   5.7400
  1.8470   0.3872  -0.4239   0.1225   0.3814   0.4282   0.0713  -0.3476   0.8794  -0.0068   0.1514  -0.0067   0.1331   5.7600
  2.0561   0.3812  -0.4629   0.0570   0.5020   0.4273   0.0689  -0.3400   0.8941  -0.0058   0.1470  -0.0096   0.1328   5.7800
  2.2571   0.3710  -0.4909  -0.0052   0.6207   0.4196   0.0653  -0.3300   0.9086  -0.0046   0.1405  -0.0119   0.1325   5.8000
  2.4474   0.3570  -0.5090  -0.0622   0.7342   0.4044   0.0607  -0.3177   0.9228  -0.0033   0.1317  -0.0136   0.1320   5.8200
  2.6240   0.3392  -0.5182  -0.1127   0.8394   0.3813   0.0552  -0.3031   0.9365  -0.0018   0.1208  -0.0145   0.1316   5.8400
  2.7843   0.3183  -0.5198  -0.1553   0.9333   0.3505   0.0491  -0.2864   0.9494  -0.0002   0.1079  -0.0147   0.1311   5.8600
  2.9257   0.2947  -0.5149  -0.1894   1.0133   0.3124   0.0425  -0.2680   0.9615   0.0015   0.0933  -0.0141   0.1305   5.8800
  3.0458   0.2691  -0.5045  -0.2145   1.0772   0.2679   0.0356  -0.2482   0.9725   0.0033   0.0772  -0.0128   0.1300   5.9000
  3.1428   0.2422  -0.4898  -0.2308   1.1234   0.2182   0.0288  -0.2272   0.9825   0.0050   0.0599  -0.0109   0.1295   5.9200
  3.2151   0.2146  -0.4716  -0.2387   1.1510   0.1645   0.0221  -0.2055   0.9912   0.0067   0.0418  -0.0083   0.1290   5.9400
  3.2621   0.1872  -0.4507  -0.2390   1.1596   0.1086   0.0157  -0.1834   0.9987   0.0084   0.0232  -0.0054   0.1285   5.9600
  3.2835   0.1605  -0.4279  -0.2329   1.1496   0.0518   0.0098  -0.1613   1.0049   0.0100   0.0045  -0.0020   0.1280   5.9800
  3.2800   0.1353  -0.4037  -0.2219   1.1222  -0.0041   0.0046  -0.1395   1.0099   0.0116  -0.0138   0.0016   0.1274   6.0000
