  1.2253   0.4277  -1.3024  -0.0945   0.8114  -0.0186  -0.1452   0.0719  -0.1717   0.0576  -0.0516   0.0227  -0.0444   0.0000
  1.1423   0.3375  -1.2758   0.0597   0.7341  -0.0065  -0.1441   0.0858  -0.1722   0.0532  -0.0578   0.0210  -0.0516   0.0200
  1.0485   0.2473  -1.2511   0.2124   0.6469   0.0013  -0.1398   0.0981  -0.1726   0.0481  -0.0632   0.0198  -0.0586   0.0400
  0.9457   0.1593  -1.2283   0.3597   0.5514   0.0038  -0.1326   0.1086  -0.1729   0.0423  -0.0676   0.0189  -0.0653   0.0600
  0.8363   0.0756  -1.2074   0.4981   0.4494   0.0003  -0.1225   0.1170  -0.1731   0.0359  -0.0711   0.0185  -0.0714   0.0800
  0.7224  -0.0018  -1.1882   0.6236   0.3430  -0.0093  -0.1097   0.1234  -0.1734   0.0290  -0.0734   0.0184  -0.0770   0.1000
  0.6067  -0.0709  -1.1706   0.7326   0.2343  -0.0252  -0.0945   0.1277  -0.1739   0.0217  -0.0747   0.0186  -0.0820   0.1200
  0.4914  -0.1300  -1.1544   0.8219   0.1256  -0.0471  -0.0773   0.1297  -0.1746   0.0141  -0.0748   0.0190  -0.0863   0.1400
  0.3789  -0.1777  -1.1392   0.8887   0.0191  -0.0741  -0.0584   0.1297  -0.1757   0.0065  -0.0738   0.0194  -0.0899   0.1600
  0.2714  -0.2130  -1.1249   0.9307  -0.0829  -0.1053  -0.0383   0.1275  -0.1773  -0.0012  -0.0716   0.0197  -0.0929   0.1800
  0.1710  -0.2348  -1.1112   0.9464  -0.1782  -0.1393  -0.0175   0.1234  -0.1794  -0.0087  -0.0683   0.0198  -0.0952   0.2000
  0.0793  -0.2430  -1.0979   0.9352  -0.2649  -0.1747   0.0034   0.1175  -0.1821  -0.0159  -0.0639   0.0196  -0.0969   0.2200
 -0.0022  -0.2374  -1.0847   0.8972  -0.3410  -0.2096   0.0240   0.1100  -0.1854  -0.0227  -0.0586   0.0189  -0.0982   0.2400
 -0.0722  -0.2184  -1.0716   0.8336  -0.4052  -0.2424   0.0436   0.1011  -0.1894  -0.0290  -0.0523   0.0177  -0.0989   0.2600
 -0.1302  -0.1869  -1.0585   0.7462  -0.4560  -0.2713   0.0619   0.0910  -0.1938  -0.0345  -0.0453   0.0159  -0.0993   0.2800
 -0.1755  -0.1439  -1.0452   0.6377  -0.4928  -0.2946   0.0783   0.0800  -0.1988  -0.0393  -0.0378   0.0135  -0.0994   0.3000
 -0.2083  -0.0909  -1.0318   0.5116  -0.5149  -0.3110   0.0923   0.0685  -0.2042  -0.0432  -0.0298   0.0106  -0.0993   0.3200
 -0.2286  -0.0296  -1.0182   0.3720  -0.5222  -0.3194   0.1038   0.0566  -0.2098  -0.0462  -0.0218   0.0071  -0.0991   0.3400
 -0.2372   0.0380  -1.0045   0.2233  -0.5150  -0.3189   0.1123   0.0447  -0.2155  -0.0482  -0.0137   0.0032  -0.0987   0.3600
 -0.2349   0.1098  -0.9907   0.0702  -0.4938  -0.3094   0.1178   0.0331  -0.2211  -0.0492  -0.0060  -0.0010  -0.0984   0.3800
 -0.2228   0.1838  -0.9769  -0.0823  -0.4597  -0.2910   0.1201   0.0221  -0.2265  -0.0492   0.0011  -0.0053  -0.0981   0.4000
 -0.2023   0.2576  -0.9630  -0.2297  -0.4139  -0.2642   0.1193   0.0118  -0.2314  -0.0481   0.0076  -0.0096  -0.0978   0.4200
 -0.1748   0.3293  -0.9491  -0.3673  -0.3579  -0.2300   0.1155   0.0025  -0.2358  -0.0462   0.0130  -0.0136  -0.0976   0.4400
 -0.1418   0.3968  -0.9352  -0.4911  -0.2936  -0.1900   0.1088  -0.0056  -0.2394  -0.0433   0.0173  -0.0172  -0.0974   0.4600
 -0.1051   0.4583  -0.9212  -0.5976  -0.2228  -0.1458   0.0997  -0.0123  -0.2421  -0.0396   0.0203  -0.0203  -0.0973   0.4800
 -0.0661   0.5124  -0.9070  -0.6838  -0.1478  -0.0993   0.0884  -0.0175  -0.2439  -0.0353   0.0219  -0.0226  -0.0973   0.5000
 -0.0265   0.5578  -0.8926  -0.7478  -0.0705  -0.0528   0.0754  -0.0212  -0.2447  -0.0304   0.0220  -0.0241  -0.0974   0.5200
  0.0124   0.5935  -0.8777  -0.7883   0.0069  -0.0082   0.0611  -0.0232  -0.2445  -0.0251   0.0207  -0.0246  -0.0975   0.5400
  0.0490   0.6190  -0.8624  -0.8047   0.0821   0.0325   0.0461  -0.0237  -0.2434  -0.0195   0.0180  -0.0242  -0.0976   0.5600
  0.0823   0.6341  -0.8464  -0.7975   0.1533   0.0675   0.0309  -0.0226  -0.2415  -0.0138   0.0141  -0.0227  -0.0978   0.5800
  0.1114   0.6389  -0.8296  -0.7677   0.2186   0.0956   0.0159  -0.0200  -0.2388  -0.0081   0.0090  -0.0203  -0.0980   0.6000
  0.1352   0.6339  -0.8118  -0.7172   0.2763   0.1160   0.0016  -0.0161  -0.2355  -0.0027   0.0029  -0.0170  -0.0982   0.6200
  0.1534   0.6198  -0.7931  -0.6484   0.3249   0.1281  -0.0115  -0.0111  -0.2318   0.0023  -0.0037  -0.0130  -0.0984   0.6400
  0.1656   0.5978  -0.7733  -0.5641   0.3632   0.1325  -0.0230  -0.0050  -0.2279   0.0069  -0.0108  -0.0085  -0.0986   0.6600
  0.1715   0.5690  -0.7524  -0.4678   0.3904   0.1298  -0.0326   0.0017  -0.2239   0.0108  -0.0180  -0.0036  -0.0988   0.6800
  0.1714   0.5351  -0.7304  -0.3627   0.4059   0.1217  -0.0400   0.0090  -0.2200   0.0141  -0.0249   0.0015  -0.0990   0.7000
  0.1654   0.4975  -0.7074  -0.2527   0.4093   0.1100  -0.0452   0.0164  -0.2162   0.0165  -0.0313   0.0064  -0.0994   0.7200
  0.1541   0.4580  -0.6836  -0.1412   0.4008   0.0974  -0.0479   0.0238  -0.2127   0.0181  -0.0369   0.0111  -0.0997   0.7400
  0.1381   0.4182  -0.6590  -0.0316   0.3809   0.0865  -0.0482   0.0309  -0.2095   0.0188  -0.0415   0.0151  -0.1002   0.7600
  0.1183   0.3798  -0.6339   0.0730   0.3501   0.0805  -0.0463   0.0374  -0.2064   0.0186  -0.0449   0.0185  -0.1008   0.7800
  0.0956   0.3444  -0.6084   0.1696   0.3096   0.0824  -0.0421   0.0431  -0.2035   0.0177  -0.0468   0.0209  -0.1014   0.8000
  0.0709   0.3132  -0.5829   0.2560   0.2608   0.0954  -0.0360   0.0477  -0.2005   0.0160  -0.0471   0.0223  -0.1022   0.8200
  0.0455   0.2875  -0.5574   0.3303   0.2051   0.1220  -0.0283   0.0510  -0.1971   0.0137  -0.0460   0.0226  -0.1031   0.8400
  0.0203   0.2682  -0.5321   0.3911   0.1445   0.1647  -0.0193   0.0530  -0.1931   0.0108  -0.0432   0.0217  -0.1041   0.8600
 -0.0033   0.2560  -0.5073   0.4375   0.0808   0.2253  -0.0093   0.0534  -0.1882   0.0076  -0.0390   0.0196  -0.1052   0.8800
 -0.0245   0.2511  -0.4830   0.4693   0.0162   0.3048   0.0012   0.0523  -0.1820   0.0041  -0.0335   0.0164  -0.1063   0.9000
 -0.0421   0.2537  -0.4593   0.4866  -0.0472   0.4035   0.0118   0.0496  -0.1740   0.0006  -0.0269   0.0122  -0.1076   0.9200
 -0.0552   0.2635  -0.4362   0.4900  -0.1075   0.5209   0.0222   0.0453  -0.1638  -0.0029  -0.0193   0.0071  -0.1088   0.9400
 -0.0631   0.2799  -0.4138   0.4807  -0.1625   0.6556   0.0319   0.0396  -0.1511  -0.0061  -0.0111   0.0014  -0.1101   0.9600
 -0.0650   0.3022  -0.3919   0.4600  -0.2104   0.8054   0.0407   0.0326  -0.1356  -0.0090  -0.0026  -0.0048  -0.1113   0.9800
 -0.0605   0.3293  -0.3703   0.4297  -0.2497   0.9672   0.0482   0.0246  -0.1169  -0.0113   0.0060  -0.0112  -0.1125   1.0000
 -0.0493   0.3599  -0.3490   0.3916  -0.2791   1.1372   0.0542   0.0156  -0.0947  -0.0130   0.0144  -0.0176  -0.1136   1.0200
 -0.0312   0.3927  -0.3278   0.3478  -0.2975   1.3111   0.0586   0.0061  -0.0690  -0.0141   0.0224  -0.0236  -0.1146   1.0400
 -0.0065   0.4261  -0.3065   0.3005  -0.3045   1.4839   0.0611  -0.0038  -0.0398  -0.0145   0.0296  -0.0291  -0.1155   1.0600
  0.0247   0.4588  -0.2848   0.2516  -0.2997   1.6505   0.0618  -0.0138  -0.0070  -0.0141   0.0358  -0.0338  -0.1163   1.0800
  0.0619   0.4891  -0.2627   0.2033  -0.2835   1.8056   0.0607  -0.0235   0.0292  -0.0131   0.0410  -0.0375  -0.1169   1.1000
  0.1044   0.5159  -0.2400   0.1574  -0.2564   1.9437   0.0579  -0.0327   0.0685  -0.0114   0.0450  -0.0400  -0.1174   1.1200
  0.1515   0.5378  -0.2166   0.1154  -0.2194   2.0599   0.0536  -0.0412   0.1105  -0.0092   0.0476  -0.0412  -0.1177   1.1400
  0.2023   0.5539  -0.1925   0.0787  -0.1739   2.1492   0.0480  -0.0487   0.1547  -0.0065   0.0490  -0.0409  -0.1179   1.1600
  0.2558   0.5634  -0.1677   0.0485  -0.1215   2.2077   0.0414  -0.0551   0.2005  -0.0035   0.0491  -0.0391  -0.1180   1.1800
  0.3110   0.5659  -0.1424   0.0253  -0.0640   2.2315   0.0340  -0.0602   0.2473  -0.0003   0.0480  -0.0358  -0.1181   1.2000
  0.3668   0.5613  -0.1165   0.0096  -0.0033   2.2179   0.0262  -0.0639   0.2942   0.0029   0.0458  -0.0310  -0.1180   1.2200
  0.4222   0.5499  -0.0903   0.0014   0.0584   2.1651   0.0184  -0.0663   0.3406   0.0060   0.0426  -0.0248  -0.1179   1.2400
  0.4761   0.5321  -0.0641   0.0001   0.1193   2.0719   0.0108  -0.0672   0.3855   0.0088   0.0386  -0.0172  -0.1178   1.2600
  0.5276   0.5089  -0.0381   0.0051   0.1774   1.9383   0.0039  -0.0669   0.4281   0.0112   0.0340  -0.0084  -0.1177   1.2800
  0.5757   0.4813  -0.0125   0.0153   0.2311   1.7653  -0.0022  -0.0653   0.4676   0.0130   0.0289   0.0014  -0.1175   1.3000
  0.6198   0.4507   0.0124   0.0293   0.2789   1.5548  -0.0072  -0.0626   0.5033   0.0143   0.0234   0.0121  -0.1174   1.3200
  0.6590   0.4187   0.0365   0.0455   0.3198   1.3095  -0.0108  -0.0590   0.5343   0.0149   0.0178   0.0234  -0.1173   1.3400
  0.6928   0.3869   0.0594   0.0622   0.3529   1.0332  -0.0130  -0.0545   0.5599   0.0147   0.0120   0.0352  -0.1172   1.3600
  0.7207   0.3571   0.0812   0.0776   0.3779   0.7302  -0.0136  -0.0494   0.5796   0.0140   0.0064   0.0473  -0.1172   1.3800
  0.7423   0.3310   0.1018   0.0896   0.3946   0.4056  -0.0127  -0.0439   0.5929   0.0125   0.0008   0.0593  -0.1171   1.4000
  0.7573   0.3100   0.1211   0.0966   0.4035   0.0649  -0.0103  -0.0381   0.5993   0.0105  -0.0045   0.0711  -0.1170   1.4200
  0.7655   0.2955   0.1393   0.0969   0.4050  -0.2859  -0.0065  -0.0320   0.5987   0.0081  -0.0097   0.0826  -0.1169   1.4400
  0.7667   0.2888   0.1565   0.0889   0.4001  -0.6407  -0.0017  -0.0259   0.5908   0.0053  -0.0145   0.0935  -0.1167   1.4600
  0.7607   0.2904   0.1730   0.0717   0.3896  -0.9935   0.0041  -0.0197   0.5757   0.0024  -0.0192   0.1037  -0.1164   1.4800
  0.7476   0.3010   0.1890   0.0444   0.3749  -1.3381   0.0104  -0.0136   0.5535  -0.0006  -0.0236   0.1130  -0.1160   1.5000
  0.7271   0.3206   0.2048   0.0067   0.3570  -1.6689   0.0171  -0.0075   0.5244  -0.0035  -0.0277   0.1213  -0.1155   1.5200
  0.6994   0.3487   0.2208  -0.0411   0.3370  -1.9807   0.0237  -0.0014   0.4888  -0.0060  -0.0317   0.1285  -0.1149   1.5400
  0.6643   0.3847   0.2372  -0.0985   0.3161  -2.2687   0.0298   0.0047   0.4470  -0.0081  -0.0354   0.1346  -0.1141   1.5600
  0.6219   0.4274   0.2544  -0.1643   0.2950  -2.5290   0.0353   0.0109   0.3997  -0.0097  -0.0389   0.1395  -0.1132   1.5800
  0.5723   0.4754   0.2725  -0.2368   0.2744  -2.7583   0.0397   0.0171   0.3474  -0.0106  -0.0423   0.1431  -0.1122   1.6000
  0.5156   0.5270   0.2918  -0.3139   0.2548  -2.9542   0.0428   0.0233   0.2909  -0.0108  -0.0453   0.1455  -0.1112   1.6200
  0.4521   0.5802   0.3123  -0.3932   0.2362  -3.1153   0.0444   0.0297   0.2308  -0.0102  -0.0481   0.1467  -0.1101   1.6400
  0.3820   0.6329   0.3340  -0.4719   0.2187  -3.2406   0.0445   0.0362   0.1678  -0.0088  -0.0506   0.1467  -0.1090   1.6600
  0.3059   0.6832   0.3568  -0.5470   0.2020  -3.3301   0.0429   0.0427   0.1027  -0.0067  -0.0526   0.1454  -0.1080   1.6800
  0.2244   0.7290   0.3805  -0.6157   0.1855  -3.3845   0.0396   0.0491   0.0362  -0.0040  -0.0542   0.1430  -0.1071   1.7000
  0.1382   0.7684   0.4049  -0.6749   0.1689  -3.4048   0.0348   0.0554  -0.0310  -0.0007  -0.0553   0.1394  -0.1063   1.7200
  0.0483   0.8000   0.4295  -0.7219   0.1514  -3.3924   0.0287   0.0614  -0.0983   0.0030  -0.0558   0.1348  -0.1058   1.7400
 -0.0440   0.8224   0.4540  -0.7545   0.1325  -3.3488   0.0214   0.0670  -0.1650   0.0070  -0.0556   0.1291  -0.1055   1.7600
 -0.1375   0.8347   0.4777  -0.7706   0.1117  -3.2757   0.0133   0.0719  -0.2305   0.0110  -0.0547   0.1223  -0.1055   1.7800
 -0.2307   0.8367   0.5003  -0.7690   0.0887  -3.1745   0.0048   0.0759  -0.2942   0.0150  -0.0531   0.1146  -0.1057   1.8000
 -0.3219   0.8282   0.5212  -0.7491   0.0634  -3.0461  -0.0039   0.0789  -0.3555   0.0187  -0.0509   0.1058  -0.1062   1.8200
 -0.4094   0.8097   0.5399  -0.7108   0.0359  -2.8914  -0.0122   0.0807  -0.4141   0.0221  -0.0479   0.0961  -0.1069   1.8400
 -0.4915   0.7823   0.5560  -0.6552   0.0065  -2.7104  -0.0199   0.0812  -0.4692   0.0249  -0.0443   0.0855  -0.1077   1.8600
 -0.5665   0.7471   0.5691  -0.5837  -0.0239  -2.5029  -0.0267   0.0802  -0.5205   0.0270  -0.0402   0.0740  -0.1086   1.8800
 -0.6328   0.7059   0.5790  -0.4987  -0.0546  -2.2682  -0.0321   0.0777  -0.5673   0.0284  -0.0357   0.0616  -0.1095   1.9000
 -0.6889   0.6606   0.5856  -0.4031  -0.0844  -2.0050  -0.0361   0.0738  -0.6091   0.0291  -0.0309   0.0485  -0.1103   1.9200
 -0.7338   0.6131   0.5887  -0.3006  -0.1120  -1.7123  -0.0385   0.0685  -0.6454   0.0290  -0.0260   0.0346  -0.1107   1.9400
 -0.7664   0.5656   0.5885  -0.1949  -0.1360  -1.3886  -0.0392   0.0620  -0.6755   0.0283  -0.0212   0.0201  -0.1108   1.9600
 -0.7865   0.5200   0.5852  -0.0902  -0.1551  -1.0330  -0.0384   0.0545  -0.6988   0.0269  -0.0167   0.0051  -0.1103   1.9800
 -0.7938   0.4783   0.5790   0.0094  -0.1681  -0.6449  -0.0361   0.0463  -0.7146   0.0249  -0.0127  -0.0103  -0.1091   2.0000
 -0.7888   0.4420   0.5704   0.0999  -0.1740  -0.2247  -0.0326   0.0379  -0.7222   0.0227  -0.0093  -0.0258  -0.1070   2.0200
 -0.7724   0.4123   0.5599   0.1776  -0.1719   0.2264  -0.0282   0.0296  -0.7210   0.0202  -0.0067  -0.0414  -0.1041   2.0400
 -0.7459   0.3900   0.5480   0.2394  -0.1616   0.7057  -0.0234   0.0218  -0.7105   0.0177  -0.0051  -0.0567  -0.1001   2.0600
 -0.7110   0.3752   0.5353   0.2830  -0.1432   1.2091  -0.0186   0.0150  -0.6900   0.0154  -0.0045  -0.0716  -0.0950   2.0800
 -0.6698   0.3678   0.5223   0.3067  -0.1170   1.7311  -0.0143   0.0096  -0.6591   0.0134  -0.0050  -0.0858  -0.0888   2.1000
 -0.6249   0.3669   0.5096   0.3101  -0.0843   2.2644  -0.0110   0.0059  -0.6175   0.0120  -0.0066  -0.0991  -0.0815   2.1200
 -0.5787   0.3713   0.4978   0.2935  -0.0465   2.8003  -0.0092   0.0042  -0.5651   0.0112  -0.0093  -0.1111  -0.0732   2.1400
 -0.5342   0.3794   0.4872   0.2583  -0.0055   3.3287  -0.0093   0.0049  -0.5019   0.0111  -0.0129  -0.1216  -0.0640   2.1600
 -0.4939   0.3889   0.4783   0.2069   0.0365   3.8382  -0.0116   0.0079  -0.4281   0.0119  -0.0174  -0.1304  -0.0539   2.1800
 -0.4605   0.3977   0.4713   0.1427   0.0769   4.3169  -0.0164   0.0133  -0.3443   0.0135  -0.0226  -0.1373  -0.0432   2.2000
 -0.4361   0.4031   0.4663   0.0698   0.1131   4.7522  -0.0239   0.0210  -0.2512   0.0159  -0.0282  -0.1420  -0.0321   2.2200
 -0.4229   0.4026   0.4633  -0.0073   0.1426   5.1316  -0.0340   0.0307  -0.1498   0.0190  -0.0340  -0.1444  -0.0207   2.2400
 -0.4220   0.3939   0.4623  -0.0835   0.1628   5.4434  -0.0466   0.0422  -0.0414   0.0228  -0.0398  -0.1445  -0.0092   2.2600
 -0.4345   0.3748   0.4631  -0.1535   0.1717   5.6765  -0.0614   0.0549   0.0725   0.0269  -0.0452  -0.1421   0.0020   2.2800
 -0.4605   0.3435   0.4653  -0.2125   0.1675   5.8217  -0.0781   0.0683   0.1902   0.0313  -0.0501  -0.1373   0.0128   2.3000
 -0.4994   0.2985   0.4686  -0.2557   0.1492   5.8716  -0.0959   0.0819   0.3099   0.0357  -0.0541  -0.1301   0.0230   2.3200
 -0.5504   0.2392   0.4726  -0.2791   0.1162   5.8211  -0.1144   0.0951   0.4295   0.0398  -0.0572  -0.1206   0.0323   2.3400
 -0.6114   0.1653   0.4767  -0.2796   0.0687   5.6679  -0.1327   0.1071   0.5470   0.0434  -0.0591  -0.1090   0.0407   2.3600
 -0.6803   0.0774   0.4806  -0.2550   0.0077   5.4123  -0.1500   0.1175   0.6603   0.0462  -0.0598  -0.0955   0.0480   2.3800
 -0.7543  -0.0233   0.4836  -0.2044  -0.0651   5.0579  -0.1656   0.1257   0.7674   0.0480  -0.0592  -0.0802   0.0541   2.4000
 -0.8302  -0.1350   0.4854  -0.1282  -0.1474   4.6109  -0.1786   0.1312   0.8663   0.0485  -0.0572  -0.0635   0.0590   2.4200
 -0.9047  -0.2553   0.4856  -0.0280  -0.2363   4.0802  -0.1882   0.1338   0.9553   0.0477  -0.0541  -0.0457   0.0626   2.4400
 -0.9744  -0.3812   0.4839   0.0930  -0.3284   3.4773  -0.1937   0.1333   1.0328   0.0453  -0.0499  -0.0271   0.0650   2.4600
 -1.0361  -0.5093   0.4801   0.2308  -0.4202   2.8157  -0.1947   0.1297   1.0974   0.0412  -0.0449  -0.0079   0.0664   2.4800
 -1.0868  -0.6359   0.4740   0.3801  -0.5080   2.1106  -0.1906   0.1230   1.1482   0.0356  -0.0392   0.0113   0.0667   2.5000
 -1.1240  -0.7572   0.4657   0.5347  -0.5880   1.3783  -0.1813   0.1136   1.1845   0.0284  -0.0331   0.0304   0.0661   2.5200
 -1.1456  -0.8694   0.4552   0.6879  -0.6570   0.6356  -0.1667   0.1018   1.2059   0.0198  -0.0269   0.0490   0.0647   2.5400
 -1.1505  -0.9686   0.4427   0.8327  -0.7121  -0.1007  -0.1470   0.0882   1.2125   0.0099  -0.0208   0.0668   0.0628   2.5600
 -1.1380  -1.0516   0.4284   0.9620  -0.7508  -0.8144  -0.1224   0.0734   1.2045  -0.0009  -0.0153   0.0835   0.0605   2.5800
 -1.1084  -1.1154   0.4128   1.0691  -0.7716  -1.4905  -0.0936   0.0581   1.1826  -0.0125  -0.0104   0.0989   0.0580   2.6000
 -1.0628  -1.1576   0.3961   1.1479  -0.7738  -2.1152  -0.0613   0.0431   1.1477  -0.0244  -0.0064   0.1128   0.0554   2.6200
 -1.0030  -1.1763   0.3787   1.1932  -0.7574  -2.6772  -0.0263   0.0290   1.1010  -0.0363  -0.0034   0.1248   0.0528   2.6400
 -0.9314  -1.1706   0.3611   1.2011  -0.7233  -3.1671   0.0103   0.0167   1.0439  -0.0479  -0.0016   0.1350   0.0505   2.6600
 -0.8512  -1.1402   0.3435   1.1688  -0.6733  -3.5781   0.0476   0.0066   0.9779  -0.0586  -0.0010   0.1431   0.0484   2.6800
 -0.7658  -1.0856   0.3263   1.0953  -0.6099  -3.9059   0.0842  -0.0008   0.9047  -0.0682  -0.0015   0.1492   0.0467   2.7000
 -0.6789  -1.0081   0.3098   0.9811  -0.5360  -4.1489   0.1193  -0.0049   0.8259  -0.0764  -0.0031   0.1531   0.0453   2.7200
 -0.5945  -0.9097   0.2940   0.8284  -0.4553  -4.3077   0.1515  -0.0057   0.7432  -0.0828  -0.0056   0.1548   0.0444   2.7400
 -0.5163  -0.7930   0.2790   0.6407  -0.3715  -4.3854   0.1800  -0.0030   0.6584  -0.0872  -0.0089   0.1545   0.0440   2.7600
 -0.4478  -0.6613   0.2649   0.4233  -0.2884  -4.3870   0.2038   0.0031   0.5729  -0.0894  -0.0126   0.1522   0.0439   2.7800
 -0.3921  -0.5183   0.2516   0.1825  -0.2096  -4.3191   0.2222   0.0122   0.4883  -0.0893  -0.0166   0.1479   0.0441   2.8000
 -0.3517  -0.3677   0.2387  -0.0743  -0.1387  -4.1896   0.2347   0.0241   0.4057  -0.0869  -0.0206   0.1419   0.0447   2.8200
 -0.3284  -0.2139   0.2263  -0.3392  -0.0786  -4.0074   0.2408   0.0381   0.3263  -0.0822  -0.0244   0.1343   0.0455   2.8400
 -0.3234  -0.0609   0.2138  -0.6036  -0.0315  -3.7816   0.2405   0.0537   0.2511  -0.0754  -0.0276   0.1253   0.0465   2.8600
 -0.3367   0.0872   0.2011  -0.8591   0.0008  -3.5216   0.2339   0.0702   0.1807  -0.0667  -0.0302   0.1152   0.0476   2.8800
 -0.3680   0.2266   0.1879  -1.0974   0.0176  -3.2367   0.2211   0.0868   0.1158  -0.0563  -0.0319   0.1041   0.0487   2.9000
 -0.4160   0.3537   0.1738  -1.3109   0.0186  -2.9354   0.2027   0.1029   0.0568  -0.0445  -0.0327   0.0924   0.0498   2.9200
 -0.4785   0.4656   0.1587  -1.4930   0.0045  -2.6257   0.1793   0.1176   0.0039  -0.0317  -0.0324   0.0803   0.0508   2.9400
 -0.5532   0.5598   0.1424  -1.6380  -0.0234  -2.3145   0.1517   0.1305  -0.0429  -0.0183  -0.0310   0.0680   0.0517   2.9600
 -0.6368   0.6342   0.1249  -1.7417  -0.0633  -2.0077   0.1209   0.1410  -0.0836  -0.0047  -0.0286   0.0558   0.0525   2.9800
 -0.7262   0.6875   0.1063  -1.8013  -0.1128  -1.7102   0.0877   0.1486  -0.1182   0.0087  -0.0253   0.0439   0.0532   3.0000
 -0.8178   0.7190   0.0867  -1.8156  -0.1693  -1.4260   0.0533   0.1531  -0.1471   0.0215  -0.0211   0.0326   0.0537   3.0200
 -0.9081   0.7287   0.0665  -1.7849  -0.2301  -1.1580   0.0185   0.1543  -0.1705   0.0334  -0.0162   0.0220   0.0541   3.0400
 -0.9939   0.7170   0.0459  -1.7111  -0.2924  -0.9085  -0.0155   0.1522  -0.1887   0.0441  -0.0107   0.0124   0.0544   3.0600
 -1.0722   0.6850   0.0254  -1.5972  -0.3536  -0.6788  -0.0479   0.1469  -0.2021   0.0533  -0.0048   0.0039   0.0545   3.0800
 -1.1404   0.6342   0.0055  -1.4477  -0.4115  -0.4703  -0.0778   0.1386  -0.2111   0.0607   0.0013  -0.0035   0.0547   3.1000
 -1.1964   0.5665  -0.0132  -1.2682  -0.4640  -0.2837  -0.1045   0.1276  -0.2160   0.0663   0.0076  -0.0094   0.0547   3.1200
 -1.2388   0.4844  -0.0302  -1.0648  -0.5096  -0.1198  -0.1275   0.1143  -0.2174   0.0700   0.0140  -0.0140   0.0548   3.1400
 -1.2665   0.3904  -0.0449  -0.8443  -0.5475   0.0208  -0.1463   0.0992  -0.2156   0.0718   0.0203  -0.0171   0.0549   3.1600
 -1.2794   0.2874  -0.0570  -0.6137  -0.5770   0.1373  -0.1605   0.0827  -0.2112   0.0717   0.0264  -0.0188   0.0550   3.1800
 -1.2775   0.1783  -0.0661  -0.3802  -0.5981   0.2287  -0.1702   0.0654  -0.2045   0.0698   0.0325  -0.0190   0.0551   3.2000
 -1.2615   0.0661  -0.0719  -0.1506  -0.6113   0.2943  -0.1751   0.0476  -0.1962   0.0663   0.0384  -0.0178   0.0553   3.2200
 -1.2326  -0.0460  -0.0743   0.0688  -0.6172   0.3329  -0.1755   0.0298  -0.1868   0.0614   0.0441  -0.0153   0.0555   3.2400
 -1.1920  -0.1552  -0.0733   0.2721  -0.6169   0.3440  -0.1716   0.0123  -0.1768   0.0553   0.0497  -0.0116   0.0558   3.2600
 -1.1413  -0.2585  -0.0691   0.4544  -0.6113   0.3270  -0.1638  -0.0046  -0.1669   0.0483   0.0553  -0.0068   0.0561   3.2800
 -1.0819  -0.3534  -0.0620   0.6116  -0.6017   0.2819  -0.1523  -0.0206  -0.1577   0.0406   0.0609  -0.0012   0.0564   3.3000
 -1.0155  -0.4374  -0.0523   0.7407  -0.5891   0.2094  -0.1377  -0.0357  -0.1497   0.0325   0.0665   0.0052   0.0566   3.3200
 -0.9433  -0.5085  -0.0406   0.8396  -0.5744   0.1114  -0.1206  -0.0497  -0.1436   0.0243   0.0721   0.0120   0.0568   3.3400
 -0.8665  -0.5647  -0.0275   0.9074  -0.5583  -0.0096  -0.1013  -0.0627  -0.1399   0.0163   0.0776   0.0190   0.0570   3.3600
 -0.7860  -0.6047  -0.0137   0.9441  -0.5412  -0.1497  -0.0805  -0.0746  -0.1391   0.0085   0.0832   0.0260   0.0570   3.3800
 -0.7023  -0.6275   0.0003   0.9507  -0.5231  -0.3037  -0.0587  -0.0857  -0.1415   0.0013   0.0887   0.0326   0.0569   3.4000
 -0.6158  -0.6325   0.0139   0.9292  -0.5040  -0.4653  -0.0365  -0.0959  -0.1475  -0.0053   0.0939   0.0385   0.0567   3.4200
 -0.5263  -0.6197   0.0263   0.8822  -0.4832  -0.6270  -0.0143  -0.1054  -0.1571  -0.0111   0.0989   0.0434   0.0564   3.4400
 -0.4338  -0.5893   0.0372   0.8130  -0.4601  -0.7803   0.0074  -0.1143  -0.1702  -0.0160   0.1033   0.0471   0.0558   3.4600
 -0.3378  -0.5424   0.0462   0.7255  -0.4339  -0.9162   0.0281  -0.1228  -0.1866  -0.0200   0.1072   0.0493   0.0552   3.4800
 -0.2379  -0.4803   0.0530   0.6240  -0.4035  -1.0253   0.0475  -0.1308  -0.2057  -0.0230   0.1102   0.0496   0.0543   3.5000
 -0.1336  -0.4050   0.0576   0.5131  -0.3682  -1.0983   0.0652  -0.1383  -0.2271  -0.0252   0.1123   0.0479   0.0534   3.5200
 -0.0249  -0.3188   0.0599   0.3974  -0.3270  -1.1263   0.0809  -0.1454  -0.2496  -0.0264   0.1132   0.0440   0.0523   3.5400
  0.0885  -0.2246   0.0601   0.2817  -0.2793  -1.1017   0.0943  -0.1521  -0.2724  -0.0268   0.1129   0.0379   0.0511   3.5600
  0.2063  -0.1254   0.0584   0.1706  -0.2249  -1.0179   0.1051  -0.1581  -0.2942  -0.0264   0.1113   0.0294   0.0499   3.5800
  0.3279  -0.0248   0.0551   0.0684  -0.1638  -0.8707   0.1134  -0.1634  -0.3137  -0.0254   0.1083   0.0186   0.0487   3.6000
  0.4524   0.0736   0.0508  -0.0210  -0.0963  -0.6578   0.1188  -0.1679  -0.3294  -0.0238   0.1040   0.0057   0.0475   3.6200
  0.5782   0.1661   0.0457  -0.0939  -0.0232  -0.3793   0.1215  -0.1713  -0.3400  -0.0218   0.0982  -0.0092   0.0463   3.6400
  0.7038   0.2491   0.0403  -0.1473   0.0544  -0.0383   0.1214  -0.1735  -0.3440  -0.0195   0.0913  -0.0258   0.0451   3.6600
  0.8269   0.3190   0.0350  -0.1789   0.1349   0.3598   0.1187  -0.1744  -0.3402  -0.0169   0.0832  -0.0438   0.0441   3.6800
  0.9452   0.3726   0.0300  -0.1869   0.2165   0.8067   0.1135  -0.1738  -0.3274  -0.0141   0.0742  -0.0628   0.0432   3.7000
  1.0561   0.4072   0.0257  -0.1705   0.2972   1.2919   0.1060  -0.1717  -0.3048  -0.0114   0.0646  -0.0823   0.0424   3.7200
  1.1571   0.4203   0.0220  -0.1294   0.3747   1.8029   0.0966  -0.1680  -0.2715  -0.0087   0.0546  -0.1018   0.0417   3.7400
  1.2456   0.4106   0.0190  -0.0642   0.4468   2.3256   0.0856  -0.1629  -0.2273  -0.0062   0.0444  -0.1209   0.0411   3.7600
  1.3193   0.3770   0.0166   0.0238   0.5113   2.8451   0.0735  -0.1562  -0.1720  -0.0040   0.0345  -0.1390   0.0407   3.7800
  1.3762   0.3195   0.0146   0.1324   0.5662   3.3459   0.0608  -0.1483  -0.1059  -0.0021   0.0250  -0.1557   0.0403   3.8000
  1.4147   0.2388   0.0125   0.2587   0.6097   3.8129   0.0480  -0.1392  -0.0295  -0.0006   0.0162  -0.1706   0.0401   3.8200
  1.4339   0.1367   0.0101   0.3994   0.6404   4.2320   0.0356  -0.1293   0.0562   0.0004   0.0084  -0.1832   0.0399   3.8400
  1.4333   0.0153   0.0068   0.5504   0.6572   4.5904   0.0242  -0.1187   0.1501   0.0008   0.0018  -0.1932   0.0397   3.8600
  1.4133  -0.1220   0.0022   0.7073   0.6596   4.8774   0.0143  -0.1078   0.2507   0.0008  -0.0035  -0.2005   0.0395   3.8800
  1.3749  -0.2714  -0.0040   0.8651   0.6476   5.0848   0.0063  -0.0970   0.3565   0.0001  -0.0074  -0.2048   0.0392   3.9000
  1.3198  -0.4287  -0.0123   1.0190   0.6215   5.2071   0.0008  -0.0865   0.4656  -0.0012  -0.0098  -0.2060   0.0389   3.9200
  1.2501  -0.5890  -0.0229   1.1637   0.5825   5.2414  -0.0019  -0.0766   0.5762  -0.0031  -0.0107  -0.2043   0.0385   3.9400
  1.1687  -0.7474  -0.0360   1.2945   0.5318   5.1880  -0.0016  -0.0676   0.6864  -0.0055  -0.0102  -0.1996   0.0380   3.9600
  1.0789  -0.8987  -0.0515   1.4065   0.4713   5.0497   0.0019  -0.0598   0.7945  -0.0086  -0.0086  -0.1922   0.0374   3.9800
  0.9840  -1.0381  -0.0694   1.4953   0.4033   4.8316   0.0087  -0.0534   0.8986  -0.0121  -0.0058  -0.1822   0.0365   4.0000
  0.8876  -1.1609  -0.0893   1.5573   0.3300   4.5412   0.0187  -0.0484   0.9971  -0.0160  -0.0022  -0.1701   0.0356   4.0200
  0.7932  -1.2630  -0.1108   1.5892   0.2542   4.1873   0.0316  -0.0449   1.0888  -0.0203   0.0019  -0.1559   0.0344   4.0400
  0.7042  -1.3408  -0.1333   1.5887   0.1786   3.7797   0.0472  -0.0430   1.1722  -0.0248   0.0064  -0.1402   0.0331   4.0600
  0.6236  -1.3915  -0.1562   1.5542   0.1057   3.3290   0.0649  -0.0424   1.2466  -0.0294   0.0108  -0.1232   0.0317   4.0800
  0.5536  -1.4133  -0.1787   1.4852   0.0380   2.8454   0.0843  -0.0432   1.3111  -0.0340   0.0150  -0.1053   0.0301   4.1000
  0.4961  -1.4051  -0.2001   1.3821  -0.0220   2.3391   0.1047  -0.0450   1.3652  -0.0384   0.0186  -0.0868   0.0285   4.1200
  0.4524  -1.3668  -0.2195   1.2460  -0.0724   1.8189   0.1255  -0.0477   1.4086  -0.0425   0.0215  -0.0679   0.0268   4.1400
  0.4226  -1.2995  -0.2363   1.0795  -0.1116   1.2929   0.1459  -0.0509   1.4412  -0.0462   0.0232  -0.0490   0.0250   4.1600
  0.4065  -1.2048  -0.2498   0.8855  -0.1383   0.7677   0.1652  -0.0543   1.4628  -0.0493   0.0238  -0.0303   0.0232   4.1800
  0.4029  -1.0856  -0.2595   0.6681  -0.1517   0.2485   0.1828  -0.0576   1.4738  -0.0517   0.0231  -0.0119   0.0215   4.2000
  0.4101  -0.9452  -0.2648   0.4319  -0.1515  -0.2608   0.1979  -0.0604   1.4743  -0.0533   0.0208   0.0059   0.0198   4.2200
  0.4257  -0.7877  -0.2657   0.1822  -0.1379  -0.7574   0.2099  -0.0625   1.4646  -0.0540   0.0172   0.0230   0.0181   4.2400
  0.4469  -0.6176  -0.2619  -0.0754  -0.1115  -1.2393   0.2185  -0.0636   1.4449  -0.0537   0.0120   0.0393   0.0166   4.2600
  0.4706  -0.4398  -0.2537  -0.3349  -0.0732  -1.7053   0.2233  -0.0633   1.4158  -0.0524   0.0055   0.0545   0.0152   4.2800
  0.4936  -0.2592  -0.2412  -0.5903  -0.0246  -2.1541   0.2239  -0.0616   1.3775  -0.0501  -0.0024   0.0687   0.0140   4.3000
  0.5126  -0.0808  -0.2249  -0.8359   0.0326  -2.5845   0.2203  -0.0582   1.3304  -0.0469  -0.0114   0.0817   0.0130   4.3200
  0.5245   0.0906  -0.2053  -1.0660   0.0964  -2.9947   0.2125  -0.0532   1.2749  -0.0427  -0.0213   0.0933   0.0121   4.3400
  0.5265   0.2505  -0.1830  -1.2753   0.1644  -3.3824   0.2007  -0.0465   1.2115  -0.0377  -0.0319   0.1034   0.0114   4.3600
  0.5163   0.3950  -0.1587  -1.4594   0.2345  -3.7442   0.1852  -0.0381   1.1405  -0.0319  -0.0430   0.1119   0.0109   4.3800
  0.4921   0.5208  -0.1330  -1.6144   0.3041  -4.0760   0.1664  -0.0282   1.0627  -0.0256  -0.0543   0.1188   0.0105   4.4000
  0.4526   0.6251  -0.1069  -1.7372   0.3708  -4.3724   0.1448  -0.0169   0.9785  -0.0189  -0.0655   0.1238   0.0104   4.4200
  0.3973   0.7058  -0.0807  -1.8257   0.4325  -4.6278   0.1209  -0.0045   0.8888  -0.0119  -0.0764   0.1268   0.0104   4.4400
  0.3263   0.7619  -0.0552  -1.8787   0.4870  -4.8358   0.0954   0.0087   0.7944  -0.0048  -0.0866   0.1279   0.0105   4.4600
  0.2404   0.7928  -0.0309  -1.8959   0.5325  -4.9899   0.0690   0.0224   0.6964   0.0022  -0.0960   0.1269   0.0108   4.4800
  0.1409   0.7988  -0.0080  -1.8781   0.5673  -5.0840   0.0423   0.0364   0.5959   0.0090  -0.1042   0.1240   0.0112   4.5000
  0.0297   0.7809   0.0131  -1.8268   0.5902  -5.1126   0.0160   0.0502   0.4941   0.0153  -0.1111   0.1191   0.0116   4.5200
 -0.0908   0.7407   0.0324  -1.7445   0.6002  -5.0717  -0.0094   0.0636   0.3925   0.0211  -0.1165   0.1124   0.0121   4.5400
 -0.2181   0.6803   0.0499  -1.6340   0.5968  -4.9586  -0.0333   0.0762   0.2924   0.0262  -0.1202   0.1040   0.0127   4.5600
 -0.3491   0.6024   0.0656  -1.4992   0.5797  -4.7728  -0.0553   0.0878   0.1953   0.0306  -0.1222   0.0943   0.0132   4.5800
 -0.4811   0.5097   0.0798  -1.3441   0.5490  -4.5162  -0.0750   0.0980   0.1028   0.0341  -0.1224   0.0835   0.0138   4.6000
 -0.6110   0.4055   0.0927  -1.1729   0.5052  -4.1930  -0.0920   0.1065   0.0162   0.0368  -0.1207   0.0719   0.0142   4.6200
 -0.7362   0.2930   0.1046  -0.9903   0.4490  -3.8101  -0.1063   0.1133  -0.0632   0.0385  -0.1172   0.0599   0.0146   4.6400
 -0.8539   0.1754   0.1159  -0.8005   0.3814  -3.3767  -0.1176   0.1182  -0.1342   0.0394  -0.1119   0.0480   0.0150   4.6600
 -0.9620   0.0559   0.1269  -0.6081   0.3036  -2.9044  -0.1259   0.1210  -0.1959   0.0394  -0.1048   0.0365   0.0152   4.6800
 -1.0586  -0.0624   0.1378  -0.4170   0.2170  -2.4065  -0.1314   0.1216  -0.2476   0.0386  -0.0962   0.0259   0.0154   4.7000
 -1.1420  -0.1769   0.1488  -0.2311   0.1232  -1.8978  -0.1340   0.1200  -0.2890   0.0370  -0.0862   0.0164   0.0155   4.7200
 -1.2113  -0.2850   0.1600  -0.0535   0.0238  -1.3937  -0.1339   0.1163  -0.3200   0.0347  -0.0749   0.0084   0.0155   4.7400
 -1.2656  -0.3846   0.1716   0.1128  -0.0796  -0.9100  -0.1313   0.1105  -0.3409   0.0319  -0.0625   0.0022   0.0155   4.7600
 -1.3046  -0.4739   0.1835   0.2654  -0.1853  -0.4617  -0.1263   0.1027  -0.3522   0.0285  -0.0492  -0.0022   0.0155   4.7800
 -1.3283  -0.5515   0.1956   0.4024  -0.2914  -0.0628  -0.1193   0.0929  -0.3549   0.0246  -0.0352  -0.0045   0.0156   4.8000
 -1.3370  -0.6161   0.2078   0.5223  -0.3964   0.2747  -0.1102   0.0813  -0.3501   0.0204  -0.0206  -0.0049   0.0159   4.8200
 -1.3310  -0.6671   0.2200   0.6240  -0.4986   0.5411  -0.0995   0.0680  -0.3392   0.0159  -0.0058  -0.0034   0.0163   4.8400
 -1.3111  -0.7039   0.2319   0.7068  -0.5963   0.7298  -0.0871   0.0533  -0.3238   0.0112   0.0091  -0.0002   0.0169   4.8600
 -1.2781  -0.7263   0.2434   0.7700  -0.6880   0.8372  -0.0733   0.0372  -0.3056   0.0062   0.0240   0.0044   0.0179   4.8800
 -1.2328  -0.7343   0.2542   0.8135  -0.7721   0.8632  -0.0583   0.0200  -0.2861   0.0012   0.0387   0.0101   0.0193   4.9000
 -1.1762  -0.7282   0.2643   0.8371  -0.8473   0.8112  -0.0422   0.0018  -0.2672  -0.0040   0.0529   0.0164   0.0211   4.9200
 -1.1090  -0.7083   0.2736   0.8406  -0.9119   0.6877  -0.0252  -0.0171  -0.2503  -0.0091   0.0667   0.0230   0.0235   4.9400
 -1.0323  -0.6753   0.2822   0.8242  -0.9647   0.5024  -0.0074  -0.0365  -0.2368  -0.0142   0.0798   0.0294   0.0265   4.9600
 -0.9467  -0.6297   0.2899   0.7879  -1.0044   0.2671   0.0109  -0.0563  -0.2280  -0.0192   0.0922   0.0351   0.0300   4.9800
 -0.8532  -0.5723   0.2972   0.7318  -1.0296  -0.0039   0.0294  -0.0761  -0.2246  -0.0240   0.1036   0.0399   0.0342   5.0000
 -0.7526  -0.5042   0.3041   0.6560  -1.0392  -0.2956   0.0479  -0.0959  -0.2272  -0.0285   0.1141   0.0433   0.0390   5.0200
 -0.6456  -0.4262   0.3110   0.5609  -1.0323  -0.5923   0.0661  -0.1152  -0.2362  -0.0326   0.1235   0.0451   0.0444   5.0400
 -0.5331  -0.3396   0.3181   0.4470  -1.0079  -0.8785   0.0835  -0.1340  -0.2513  -0.0363   0.1317   0.0452   0.0503   5.0600
 -0.4159  -0.2456   0.3258   0.3149  -0.9653  -1.1400   0.0997  -0.1518  -0.2723  -0.0393   0.1386   0.0434   0.0567   5.0800
 -0.2949  -0.1457   0.3344   0.1658  -0.9043  -1.3643   0.1142  -0.1685  -0.2985  -0.0417   0.1441   0.0397   0.0635   5.1000
 -0.1711  -0.0414   0.3441   0.0010  -0.8247  -1.5412   0.1267  -0.1838  -0.3288  -0.0431   0.1482   0.0344   0.0706   5.1200
 -0.0456   0.0655   0.3552  -0.1776  -0.7268  -1.6637   0.1365  -0.1974  -0.3624  -0.0436   0.1507   0.0276   0.0779   5.1400
  0.0807   0.1733   0.3678  -0.3675  -0.6113  -1.7278   0.1431  -0.2090  -0.3979  -0.0430   0.1515   0.0197   0.0852   5.1600
  0.2064   0.2798   0.3817  -0.5659  -0.4794  -1.7333   0.1462  -0.2184  -0.4342  -0.0412   0.1507   0.0110   0.0924   5.1800
  0.3303   0.3829   0.3970  -0.7693  -0.3326  -1.6830   0.1453  -0.2253  -0.4700  -0.0381   0.1481   0.0021   0.0995   5.2000
  0.4512   0.4805   0.4133  -0.9738  -0.1730  -1.5836   0.1401  -0.2294  -0.5042  -0.0337   0.1436  -0.0068   0.1061   5.2200
  0.5678   0.5702   0.4302  -1.1750  -0.0034  -1.4442   0.1304  -0.2307  -0.5360  -0.0279   0.1374  -0.0149   0.1124   5.2400
  0.6788   0.6498   0.4473  -1.3680   0.1734  -1.2766   0.1161  -0.2290  -0.5646  -0.0209   0.1293  -0.0220   0.1181   5.2600
  0.7832   0.7170   0.4639  -1.5480   0.3538  -1.0941   0.0972  -0.2242  -0.5895  -0.0126   0.1195  -0.0275   0.1232   5.2800
  0.8798   0.7698   0.4795  -1.7099   0.5340  -0.9112   0.0740  -0.2162  -0.6107  -0.0033   0.1081  -0.0312   0.1276   5.3000
  0.9677   0.8063   0.4933  -1.8485   0.7099  -0.7421   0.0468  -0.2050  -0.6283   0.0070   0.0951  -0.0328   0.1313   5.3200
  1.0462   0.8248   0.5047  -1.9592   0.8773  -0.6006   0.0162  -0.1909  -0.6428   0.0180   0.0808  -0.0321   0.1343   5.3400
  1.1147   0.8242   0.5131  -2.0376   1.0320  -0.4985  -0.0172  -0.1739  -0.6548   0.0293   0.0655  -0.0292   0.1366   5.3600
  1.1729   0.8034   0.5179  -2.0801   1.1699  -0.4453  -0.0526  -0.1544  -0.6654   0.0408   0.0494  -0.0240   0.1382   5.3800
  1.2206   0.7621   0.5187  -2.0837   1.2871  -0.4474  -0.0891  -0.1327  -0.6755   0.0521   0.0328  -0.0169   0.1393   5.4000
  1.2578   0.7004   0.5153  -2.0465   1.3802  -0.5073  -0.1255  -0.1092  -0.6864   0.0628   0.0160  -0.0081   0.1399   5.4200
  1.2849   0.6189   0.5075  -1.9676   1.4464  -0.6239  -0.1610  -0.0843  -0.6994   0.0725  -0.0004   0.0019   0.1400   5.4400
  1.3021   0.5189   0.4954  -1.8473   1.4834  -0.7916  -0.1944  -0.0588  -0.7155   0.0811  -0.0162   0.0125   0.1398   5.4600
  1.3100   0.4019   0.4793  -1.6871   1.4900  -1.0010  -0.2247  -0.0330  -0.7356   0.0880  -0.0309   0.0231   0.1394   5.4800
  1.3093   0.2703   0.4595  -1.4897   1.4657  -1.2388  -0.2509  -0.0078  -0.7606   0.0931  -0.0441   0.0331   0.1389   5.5000
  1.3005   0.1266   0.4367  -1.2590   1.4110  -1.4888  -0.2722   0.0164  -0.7907   0.0961  -0.0555   0.0419   0.1383   5.5200
  1.2843  -0.0260   0.4114  -0.9998   1.3273  -1.7323  -0.2880   0.0389  -0.8261   0.0969  -0.0648   0.0486   0.1378   5.5400
  1.2614  -0.1842   0.3845  -0.7181   1.2172  -1.9489  -0.2976   0.0591  -0.8663   0.0954  -0.0717   0.0529   0.1375   5.5600
  1.2324  -0.3444   0.3567  -0.4204   1.0839  -2.1182  -0.3008   0.0765  -0.9106   0.0915  -0.0759   0.0540   0.1373   5.5800
  1.1979  -0.5029   0.3288  -0.1140   0.9317  -2.2201  -0.2975   0.0906  -0.9577   0.0853  -0.0774   0.0517   0.1373   5.6000
  1.1581  -0.6562   0.3017   0.1938   0.7654  -2.2363  -0.2879   0.1010  -1.0060   0.0770  -0.0762   0.0456   0.1376   5.6200
  1.1134  -0.8007   0.2759   0.4953   0.5904  -2.1515  -0.2723   0.1075  -1.0536   0.0667  -0.0722   0.0355   0.1381   5.6400
  1.0641  -0.9331   0.2520   0.7833   0.4124  -1.9543  -0.2513   0.1100  -1.0980   0.0549  -0.0657   0.0215   0.1387   5.6600
  1.0103  -1.0506   0.2305   1.0509   0.2373  -1.6377  -0.2258   0.1085  -1.1370   0.0418  -0.0569   0.0036   0.1395   5.6800
  0.9519  -1.1507   0.2116   1.2918   0.0710  -1.2001  -0.1965   0.1031  -1.1679   0.0279  -0.0461  -0.0176   0.1405   5.7000
  0.8889  -1.2317   0.1953   1.5008  -0.0813  -0.6456  -0.1646   0.0940  -1.1884   0.0136  -0.0337  -0.0418   0.1414   5.7200
  0.8213  -1.2922   0.1817   1.6735  -0.2144   0.0163  -0.1313   0.0818  -1.1959  -0.0006  -0.0201  -0.0684   0.1424   5.7400
  0.7489  -1.3316   0.1704   1.8070  -0.3244   0.7704  -0.0978   0.0668  -1.1885  -0.0143  -0.0060  -0.0965   0.1433   5.7600
  0.6718  -1.3501   0.1610   1.8995  -0.4078   1.5964  -0.0651   0.0498  -1.1645  -0.0270   0.0083  -0.1255   0.1441   5.7800
  0.5899  -1.3484   0.1531   1.9504  -0.4624   2.4701  -0.0345   0.0314  -1.1225  -0.0383   0.0221  -0.1544   0.1447   5.8000
  0.5033  -1.3278   0.1462   1.9609  -0.4872   3.3639  -0.0069   0.0124  -1.0619  -0.0479   0.0350  -0.1823   0.1451   5.8200
  0.4121  -1.2904   0.1396   1.9329  -0.4822   4.2481   0.0167  -0.0065  -0.9827  -0.0554   0.0464  -0.2084   0.1453   5.8400
  0.3167  -1.2386   0.1328   1.8700  -0.4489   5.0923   0.0358  -0.0244  -0.8852  -0.0608   0.0560  -0.2318   0.1452   5.8600
  0.2175  -1.1752   0.1251   1.7764  -0.3896   5.8669   0.0497  -0.0406  -0.7708  -0.0637   0.0633  -0.2518   0.1449   5.8800
  0.1150  -1.1035   0.1162   1.6575  -0.3080   6.5442   0.0582  -0.0546  -0.6411  -0.0643   0.0681  -0.2678   0.1444   5.9000
  0.0099  -1.0269   0.1057   1.5190  -0.2084   7.0998   0.0613  -0.0657  -0.4985  -0.0626   0.0703  -0.2794   0.1437   5.9200
 -0.0970  -0.9487   0.0934   1.3673  -0.0962   7.5139   0.0592  -0.0735  -0.3457  -0.0587   0.0698  -0.2862   0.1428   5.9400
 -0.2047  -0.8724   0.0791   1.2088   0.0231   7.7720   0.0521  -0.0778  -0.1859  -0.0529   0.0667  -0.2881   0.1418   5.9600
 -0.3122  -0.8011   0.0629   1.0499   0.1434   7.8657   0.0407  -0.0783  -0.0224  -0.0456   0.0611  -0.2852   0.1407   5.9800
 -0.4184  -0.7375   0.0449   0.8967   0.2587   7.7932   0.0258  -0.0753   0.1412  -0.0370   0.0534  -0.2776   0.1396   6.0000
